0.032556
0.083221
0.082221
0.065992
0.051226
0.079410
0.049601
0.047195
0.043499
0.078285
0.043874
0.049129
0.087881
0.084743
0.040880
0.052018
0.084799
0.036988
0.080511
0.030651
0.083569
0.038425
0.041766
0.032959
0.045698
0.061496
0.055412
0.043357
0.065411
0.048900
0.077686
0.061319
0.054163
0.042026
0.052821
0.060197
0.051868
0.043769
0.049241
0.039878
0.074672
0.041702
0.084432
0.035420
0.033901
0.044892
0.086790
0.063534
0.086427
0.018196
0.067888
0.067095
0.030791
0.071302
0.050581
0.016937
0.081029
0.076700
0.040673
0.071870
0.031082
0.004431
0.073172
0.018011
0.043686
0.084301
0.083152
0.070909
0.023939
0.063034
0.040918
0.044217
0.086678
0.074070
0.058111
0.070008
0.030410
0.064668
0.057243
0.071676
0.047642
0.084910
0.046225
0.031349
0.055791
0.042041
0.059975
0.050514
0.065416
0.036857
0.045597
0.032950
0.081450
0.059307
0.051282
0.082735
0.042067
0.087855
0.077618
0.063626
0.047780
0.078999
0.073441
0.052964
0.086072
0.056961
0.019579
0.052512
0.076442
0.058546
0.053608
0.084299
0.059547
0.075375
0.081785
0.069344
0.086121
0.084306
0.051445
0.046509
0.059563
0.079249
0.077946
0.073172
0.028935
0.070091
0.031442
0.068881
0.046410
0.070702
0.047603
0.086489
0.068700
0.023976
0.081226
0.053370
0.025116
0.071578
0.062056
0.054787
0.046876
0.077695
0.054825
0.045543
0.045881
0.059128
0.048604
0.081110
0.060214
0.069303
0.067994
0.084297
0.030314
0.048260
0.075128
0.051958
0.070233
0.052012
0.069942
0.076272
0.043218
0.044661
0.045579
0.042893
0.069149
0.037088
0.043225
0.063043
0.036893
0.032793
0.082281
0.076307
0.067510
0.074110
0.043440
0.037469
0.076286
0.051368
0.022636
0.074785
0.059785
0.071973
0.041193
0.085060
0.074992
0.083600
0.056331
0.047657
0.058279
0.030640
0.074820
0.083100
0.056601
0.062804
0.074292
0.057179
0.068951
0.026142
0.062793
0.072330
0.080786
0.064869
0.052075
0.078731
0.024925
0.079740
0.043050
0.071307
0.020423
0.083479
0.062303
0.066314
0.079989
0.062813
0.079972
0.043236
0.067215
0.015631
0.047808
0.082072
0.026685
0.028733
0.055885
0.031668
0.080296
0.065588
0.076198
0.050375
0.076011
0.040537
0.048408
0.086386
0.037280
0.083948
0.049081
0.069195
0.059713
0.070497
0.044143
0.039456
0.067770
0.072209
0.073368
0.065730
0.046344
0.071642
0.079552
0.024430
0.040349
0.070257
0.042367
0.070832
0.051356
0.072164
0.042574
0.049066
0.072717
0.056161
0.074658
0.032360
0.057551
0.085569
0.084836
0.025567
0.081146
0.027942
0.034738
0.021300
0.037843
0.026056
0.081314
0.037258
0.074884
0.087523
0.073521
0.075650
0.050652
0.028732
0.048493
0.049611
0.055275
0.073810
0.077354
0.071954
0.082974
0.019504
0.053519
0.087212
0.058992
0.078825
0.060283
0.035384
0.044203
0.070576
0.026582
0.069916
0.064155
0.033302
0.045527
0.065861
0.081959
0.028427
0.062441
0.039278
0.041981
0.085846
0.066485
0.062296
0.053728
0.087909
0.064515
0.077857
0.044967
0.053877
0.056783
0.059074
0.050088
0.057696
0.046134
0.070584
0.083022
0.042784
0.016813
0.055490
0.035387
0.079247
0.077135
0.076327
0.046276
0.045193
0.045089
0.034895
0.034283
0.055784
0.082631
0.082630
0.060159
0.052359
0.083218
0.082681
0.045112
0.085371
0.068649
0.027363
0.061734
0.053036
0.064076
0.056262
0.039352
0.033765
0.065416
0.032060
0.063873
0.087729
0.087325
0.045014
0.082215
0.072222
0.064920
0.061702
0.073172
0.053143
0.025627
0.066466
0.021048
0.039736
0.066239
0.081517
0.050194
0.026545
0.069186
0.072192
0.046197
0.031714
0.073099
0.057900
0.011387
0.071883
0.031843
0.072856
0.082737
0.047191
0.075552
0.074203
0.073488
0.046564
0.084971
0.079056
0.057982
0.033264
0.078614
0.081369
0.063619
0.076338
0.087287
0.082869
0.034551
0.065023
0.080578
0.063705
0.033030
0.040580
0.047680
0.080158
0.081742
0.040701
0.086434
0.080142
0.064588
0.067667
0.059064
0.032537
0.041429
0.081238
0.044320
0.084724
0.075042
0.040673
0.034787
0.035741
0.084012
0.047948
0.077052
0.026797
0.020315
0.024611
0.044979
0.051280
0.060810
0.086007
0.056619
0.023604
0.054407
0.025476
0.071387
0.067194
0.056669
0.084292
0.077993
0.043657
0.054860
0.077887
0.045438
0.057732
0.029703
0.071664
0.077603
0.087337
0.058797
0.086350
0.039861
0.035584
0.079787
0.028357
0.086189
0.060139
0.065125
0.059269
0.037979
0.072807
0.027925
0.057348
0.077946
0.058200
0.060523
0.051758
0.085659
0.044292
0.062032
0.086993
0.022479
0.072477
0.033108
0.032613
0.086800
0.040243
0.085728
0.017999
0.066970
0.050918
0.072598
0.028020
0.069683
0.072317
0.087794
0.075206
0.062840
0.026571
0.080360
0.067313
0.060669
0.029485
0.040889
0.085215
0.083821
0.056772
0.012579
0.056694
0.040638
0.047262
0.072082
0.086665
0.027137
0.066591
0.065728
0.046165
0.037181
0.024218
0.081528
0.035374
0.073419
0.023213
0.025290
0.076447
0.076088
0.074804
0.054957
0.060176
0.042191
0.046582
0.047234
0.067594
0.035280
0.082338
0.042386
0.048997
0.084762
0.036744
0.080355
0.041657
0.022123
0.059457
0.060411
0.039672
0.013168
0.047800
0.084301
0.025449
0.081725
0.020832
0.078625
0.035194
0.078224
0.077480
0.078855
0.062258
0.061320
0.081383
