0.153230
0.186565
0.117182
0.096402
0.099665
0.103741
0.132240
0.113028
0.115410
0.115976
0.090914
0.176212
0.119325
0.120356
0.108690
0.104120
0.108741
0.118798
0.093934
0.141404
0.091545
0.221420
0.093454
0.091582
0.091094
0.118450
0.092294
0.098961
0.091955
0.092776
0.160619
0.114942
0.129204
0.242729
0.116798
0.089132
0.116278
0.132717
0.110109
0.119083
0.111096
0.127874
0.103037
0.123900
0.122253
0.094834
0.089149
0.136910
0.097296
0.149363
0.106327
0.130288
0.121454
0.090652
0.089069
0.177762
0.122235
0.118573
0.116176
0.093366
0.106658
0.096493
0.094653
0.106568
0.136362
0.106572
0.098480
0.089681
0.092238
0.119496
0.132920
0.126339
0.108466
0.138917
0.114993
0.128518
0.116094
0.210907
0.102775
0.094904
0.124165
0.095851
0.098018
0.108988
0.121294
0.129654
0.132144
0.117614
0.106827
0.099453
0.117576
0.095693
0.106946
0.093394
0.106705
0.139006
0.126547
0.124237
0.092319
0.103188
0.099015
0.093996
0.111019
0.107502
0.109157
0.127449
0.090610
0.117655
0.150426
0.102612
0.114958
0.159112
0.097687
0.089875
0.092715
0.107641
0.146438
0.100906
0.113153
0.099079
0.093881
0.122803
0.105364
0.259818
0.122787
0.095788
0.096300
0.120849
0.089971
0.168860
0.124560
0.209759
0.113023
0.136929
0.111127
0.135115
0.103043
0.099749
0.133018
0.107875
0.089583
0.131665
0.105648
0.103267
0.127327
0.103619
0.100464
0.107117
0.107385
0.120259
0.111600
0.151893
0.130990
0.129644
0.118452
0.138998
0.122717
0.093274
0.104523
0.106516
0.123405
0.174265
0.093819
0.113143
0.116941
0.138791
0.095548
0.106020
0.088484
0.203443
0.104701
0.093638
0.094472
0.095808
0.091562
0.256186
0.089593
0.156059
0.097656
0.180283
0.118972
0.089136
0.088760
0.105983
0.094486
0.103901
0.132111
0.125864
0.101183
0.144048
0.093985
0.118990
0.098445
0.137544
0.105380
0.110655
0.089789
0.094474
0.102105
0.116964
0.094179
0.088640
0.125435
0.096866
0.124123
0.113504
0.103984
0.099861
0.125988
0.168742
0.109118
0.118557
0.106534
0.122477
0.116185
0.126146
0.093156
0.146428
0.091211
0.105688
0.098099
0.120377
0.096361
0.114847
0.125101
0.121693
0.101614
0.094181
0.116107
0.093202
0.098752
0.100890
0.107387
0.205301
0.124804
0.110412
0.104986
0.088833
0.115842
0.103071
0.111154
0.093460
0.110889
0.089732
0.125565
0.116026
0.111600
0.093780
0.142056
0.092401
0.090489
0.090246
0.108174
0.089232
0.121716
0.091876
0.090628
0.116196
0.122355
0.105430
0.097425
0.103541
0.088295
0.233876
0.090841
0.093265
0.127475
0.099260
0.202720
0.143174
0.111443
0.097932
0.114332
0.091295
0.090192
0.143580
0.099795
0.093964
0.091468
0.115577
0.099359
0.106934
0.144578
0.093509
0.103443
0.177854
0.104491
0.090613
0.123893
0.119508
0.105618
0.121028
0.126858
0.103557
0.098356
0.109006
0.132059
0.107279
0.099981
0.147527
0.112956
0.093191
0.108838
0.120859
0.118285
0.090293
0.105206
0.141196
0.116828
0.092246
0.099655
0.095505
0.117758
0.141849
0.108734
0.101254
0.122664
0.111106
0.116544
0.145555
0.094680
0.150109
0.088925
0.115521
0.125897
0.119411
0.137835
0.116498
0.096076
0.111859
0.106780
0.137897
0.175958
0.119379
0.114315
0.120784
0.180250
0.099861
0.137424
0.109261
0.234218
0.178202
0.102876
0.113219
0.089222
0.102279
0.124059
0.098455
0.115206
0.117119
0.263867
0.123411
0.095490
0.092738
0.105072
0.110592
0.139402
0.140944
0.123293
0.091561
0.133731
0.127513
0.098504
0.131497
0.201711
0.108380
0.127596
0.349102
0.102246
0.091177
0.126240
0.095131
0.088750
0.125491
0.106059
0.100157
0.116666
0.105429
0.117134
0.091628
0.095097
0.089925
0.107123
0.111822
0.095756
0.094601
0.105787
0.106669
0.137544
0.116791
0.135744
0.112498
0.136177
0.114187
0.137668
0.104519
0.154845
0.118545
0.113262
0.101263
0.095439
0.118914
0.097556
0.110407
0.099971
0.102688
0.112054
0.100187
0.152151
