0.000000 0.000000 0.002000 0.000010 0.002010
0.000000 0.010000 0.002000 0.000010 0.002010
0.000000 0.020000 0.011000 0.000010 0.011010
0.000000 0.030000 0.026500 0.000010 0.026510
0.000000 0.040000 0.036500 0.000010 0.036510
0.000000 0.050000 0.041000 0.000010 0.041010
0.000000 0.060000 0.039500 0.000010 0.039510
0.000000 0.070000 0.045000 0.000010 0.045010
0.000000 0.080000 0.053000 0.057000 0.110000
0.000000 0.090000 0.053000 0.057000 0.110000
0.000000 0.100000 0.019500 0.059000 0.078500
0.000000 0.110000 0.000010 0.050000 0.050010
0.000000 0.120000 0.000010 0.060000 0.060010
0.000000 0.130000 0.000010 0.047000 0.047010
0.000000 0.140000 0.000010 0.041000 0.041010
0.000000 0.150000 0.000010 0.041500 0.041510
0.000000 0.160000 0.000010 0.039500 0.039510
0.000000 0.170000 0.000010 0.032500 0.032510
0.000000 0.180000 0.000010 0.032000 0.032010
0.000000 0.190000 0.000010 0.031000 0.031010
0.000000 0.200000 0.000010 0.029000 0.029010
0.000000 0.210000 0.000010 0.025500 0.025510
0.000000 0.220000 0.000010 0.028500 0.028510
0.000000 0.230000 0.000010 0.018000 0.018010
0.000000 0.240000 0.000010 0.019000 0.019010
0.000000 0.250000 0.000010 0.016500 0.016510
0.000000 0.260000 0.000010 0.016500 0.016510
0.000000 0.270000 0.000010 0.016000 0.016010
0.000000 0.280000 0.000010 0.015000 0.015010
0.000000 0.290000 0.000010 0.010500 0.010510
0.000000 0.300000 0.000010 0.011000 0.011010
0.000000 0.310000 0.000010 0.011000 0.011010
0.000000 0.320000 0.000010 0.008500 0.008510
0.000000 0.330000 0.000010 0.004000 0.004010
0.000000 0.340000 0.000010 0.001500 0.001510
0.000000 0.350000 0.000010 0.001000 0.001010
0.000000 0.360000 0.000010 0.000500 0.000510
0.000000 0.370000 0.000010 0.001000 0.001010
0.000000 0.380000 0.000010 0.000500 0.000510
0.000000 0.390000 0.000010 0.000010 0.000020
0.000000 0.400000 0.000010 0.000500 0.000510
0.000000 0.410000 0.000010 0.000010 0.000020
0.000000 0.420000 0.000010 0.000500 0.000510
0.000000 0.430000 0.000010 0.000010 0.000020
0.000000 0.440000 0.000010 0.000010 0.000020
0.000000 0.450000 0.000010 0.000500 0.000510
0.000000 0.460000 0.000010 0.000010 0.000020
0.000000 0.470000 0.000010 0.000010 0.000020
0.000000 0.480000 0.000010 0.000500 0.000510
0.000000 0.490000 0.000010 0.000500 0.000510
0.000000 0.500000 0.000010 0.000010 0.000020
0.000000 0.510000 0.000010 0.000010 0.000020
0.000000 0.520000 0.000010 0.000010 0.000020
0.000000 0.530000 0.000010 0.000010 0.000020
0.000000 0.540000 0.000010 0.000010 0.000020
0.000000 0.550000 0.000010 0.000010 0.000020
0.000000 0.560000 0.000010 0.000010 0.000020
0.000000 0.570000 0.000010 0.000010 0.000020
0.000000 0.580000 0.000010 0.000010 0.000020
0.000000 0.590000 0.000010 0.000010 0.000020
0.000000 0.600000 0.000010 0.000010 0.000020
0.000000 0.610000 0.000010 0.000010 0.000020
0.000000 0.620000 0.000010 0.000010 0.000020
0.000000 0.630000 0.000010 0.000010 0.000020
0.000000 0.640000 0.000010 0.000010 0.000020
0.000000 0.650000 0.000010 0.000010 0.000020
0.000000 0.660000 0.000010 0.000010 0.000020
0.000000 0.670000 0.000010 0.000010 0.000020
0.000000 0.680000 0.000010 0.000010 0.000020
0.000000 0.690000 0.000010 0.000010 0.000020
0.000000 0.700000 0.000010 0.000010 0.000020

0.050000 0.000000 0.003475 0.000010 0.003485
0.050000 0.010000 0.003475 0.000010 0.003485
0.050000 0.020000 0.015450 0.000010 0.015460
0.050000 0.030000 0.030875 0.000010 0.030885
0.050000 0.040000 0.040775 0.000010 0.040785
0.050000 0.050000 0.045425 0.000010 0.045435
0.050000 0.060000 0.043725 0.000010 0.043735
0.050000 0.070000 0.047325 0.000010 0.047335
0.050000 0.080000 0.053950 0.056750 0.110700
0.050000 0.090000 0.053950 0.056750 0.110700
0.050000 0.100000 0.019075 0.058250 0.077325
0.050000 0.110000 0.000010 0.049325 0.049335
0.050000 0.120000 0.000010 0.058575 0.058585
0.050000 0.130000 0.000010 0.045350 0.045360
0.050000 0.140000 0.000010 0.039400 0.039410
0.050000 0.150000 0.000010 0.039625 0.039635
0.050000 0.160000 0.000010 0.037575 0.037585
0.050000 0.170000 0.000010 0.031075 0.031085
0.050000 0.180000 0.000010 0.030475 0.030485
0.050000 0.190000 0.000010 0.029450 0.029460
0.050000 0.200000 0.000010 0.027650 0.027660
0.050000 0.210000 0.000010 0.024275 0.024285
0.050000 0.220000 0.000010 0.027100 0.027110
0.050000 0.230000 0.000010 0.017150 0.017160
0.050000 0.240000 0.000010 0.018075 0.018085
0.050000 0.250000 0.000010 0.015700 0.015710
0.050000 0.260000 0.000010 0.015725 0.015735
0.050000 0.270000 0.000010 0.015201 0.015211
0.050000 0.280000 0.000010 0.014250 0.014260
0.050000 0.290000 0.000010 0.009975 0.009985
0.050000 0.300000 0.000010 0.010450 0.010460
0.050000 0.310000 0.000010 0.010450 0.010460
0.050000 0.320000 0.000010 0.008076 0.008086
0.050000 0.330000 0.000010 0.003801 0.003811
0.050000 0.340000 0.000010 0.001426 0.001436
0.050000 0.350000 0.000010 0.000950 0.000960
0.050000 0.360000 0.000010 0.000500 0.000510
0.050000 0.370000 0.000010 0.000950 0.000960
0.050000 0.380000 0.000010 0.000476 0.000486
0.050000 0.390000 0.000010 0.000010 0.000020
0.050000 0.400000 0.000010 0.000476 0.000486
0.050000 0.410000 0.000010 0.000010 0.000020
0.050000 0.420000 0.000010 0.000476 0.000486
0.050000 0.430000 0.000010 0.000010 0.000020
0.050000 0.440000 0.000010 0.000010 0.000020
0.050000 0.450000 0.000010 0.000476 0.000486
0.050000 0.460000 0.000010 0.000010 0.000020
0.050000 0.470000 0.000010 0.000010 0.000020
0.050000 0.480000 0.000010 0.000476 0.000486
0.050000 0.490000 0.000010 0.000476 0.000486
0.050000 0.500000 0.000010 0.000010 0.000020
0.050000 0.510000 0.000010 0.000010 0.000020
0.050000 0.520000 0.000010 0.000010 0.000020
0.050000 0.530000 0.000010 0.000010 0.000020
0.050000 0.540000 0.000010 0.000010 0.000020
0.050000 0.550000 0.000010 0.000010 0.000020
0.050000 0.560000 0.000010 0.000010 0.000020
0.050000 0.570000 0.000010 0.000010 0.000020
0.050000 0.580000 0.000010 0.000010 0.000020
0.050000 0.590000 0.000010 0.000010 0.000020
0.050000 0.600000 0.000010 0.000010 0.000020
0.050000 0.610000 0.000010 0.000010 0.000020
0.050000 0.620000 0.000010 0.000010 0.000020
0.050000 0.630000 0.000010 0.000010 0.000020
0.050000 0.640000 0.000010 0.000010 0.000020
0.050000 0.650000 0.000010 0.000010 0.000020
0.050000 0.660000 0.000010 0.000010 0.000020
0.050000 0.670000 0.000010 0.000010 0.000020
0.050000 0.680000 0.000010 0.000010 0.000020
0.050000 0.690000 0.000010 0.000010 0.000020
0.050000 0.700000 0.000010 0.000010 0.000020

0.100000 0.000000 0.004950 0.000010 0.004960
0.100000 0.010000 0.004950 0.000010 0.004960
0.100000 0.020000 0.019900 0.000010 0.019910
0.100000 0.030000 0.035250 0.000010 0.035260
0.100000 0.040000 0.045050 0.000010 0.045060
0.100000 0.050000 0.049850 0.000010 0.049860
0.100000 0.060000 0.047950 0.000010 0.047960
0.100000 0.070000 0.049650 0.000010 0.049660
0.100000 0.080000 0.054900 0.056500 0.111400
0.100000 0.090000 0.054900 0.056500 0.111400
0.100000 0.100000 0.018650 0.057500 0.076150
0.100000 0.110000 0.000010 0.048650 0.048660
0.100000 0.120000 0.000010 0.057150 0.057160
0.100000 0.130000 0.000010 0.043700 0.043710
0.100000 0.140000 0.000010 0.037800 0.037810
0.100000 0.150000 0.000010 0.037750 0.037760
0.100000 0.160000 0.000010 0.035650 0.035660
0.100000 0.170000 0.000010 0.029650 0.029660
0.100000 0.180000 0.000010 0.028950 0.028960
0.100000 0.190000 0.000010 0.027901 0.027911
0.100000 0.200000 0.000010 0.026300 0.026310
0.100000 0.210000 0.000010 0.023050 0.023060
0.100000 0.220000 0.000010 0.025700 0.025710
0.100000 0.230000 0.000010 0.016300 0.016310
0.100000 0.240000 0.000010 0.017150 0.017160
0.100000 0.250000 0.000010 0.014900 0.014910
0.100000 0.260000 0.000010 0.014950 0.014960
0.100000 0.270000 0.000010 0.014401 0.014411
0.100000 0.280000 0.000010 0.013501 0.013511
0.100000 0.290000 0.000010 0.009451 0.009461
0.100000 0.300000 0.000010 0.009901 0.009911
0.100000 0.310000 0.000010 0.009901 0.009911
0.100000 0.320000 0.000010 0.007651 0.007661
0.100000 0.330000 0.000010 0.003601 0.003611
0.100000 0.340000 0.000010 0.001351 0.001361
0.100000 0.350000 0.000010 0.000901 0.000911
0.100000 0.360000 0.000010 0.000500 0.000510
0.100000 0.370000 0.000010 0.000901 0.000911
0.100000 0.380000 0.000010 0.000451 0.000461
0.100000 0.390000 0.000010 0.000010 0.000020
0.100000 0.400000 0.000010 0.000451 0.000461
0.100000 0.410000 0.000010 0.000010 0.000020
0.100000 0.420000 0.000010 0.000451 0.000461
0.100000 0.430000 0.000010 0.000010 0.000020
0.100000 0.440000 0.000010 0.000010 0.000020
0.100000 0.450000 0.000010 0.000451 0.000461
0.100000 0.460000 0.000010 0.000010 0.000020
0.100000 0.470000 0.000010 0.000010 0.000020
0.100000 0.480000 0.000010 0.000451 0.000461
0.100000 0.490000 0.000010 0.000451 0.000461
0.100000 0.500000 0.000010 0.000010 0.000020
0.100000 0.510000 0.000010 0.000010 0.000020
0.100000 0.520000 0.000010 0.000010 0.000020
0.100000 0.530000 0.000010 0.000010 0.000020
0.100000 0.540000 0.000010 0.000010 0.000020
0.100000 0.550000 0.000010 0.000010 0.000020
0.100000 0.560000 0.000010 0.000010 0.000020
0.100000 0.570000 0.000010 0.000010 0.000020
0.100000 0.580000 0.000010 0.000010 0.000020
0.100000 0.590000 0.000010 0.000010 0.000020
0.100000 0.600000 0.000010 0.000010 0.000020
0.100000 0.610000 0.000010 0.000010 0.000020
0.100000 0.620000 0.000010 0.000010 0.000020
0.100000 0.630000 0.000010 0.000010 0.000020
0.100000 0.640000 0.000010 0.000010 0.000020
0.100000 0.650000 0.000010 0.000010 0.000020
0.100000 0.660000 0.000010 0.000010 0.000020
0.100000 0.670000 0.000010 0.000010 0.000020
0.100000 0.680000 0.000010 0.000010 0.000020
0.100000 0.690000 0.000010 0.000010 0.000020
0.100000 0.700000 0.000010 0.000010 0.000020

0.150000 0.000000 0.006425 0.000010 0.006435
0.150000 0.010000 0.006425 0.000010 0.006435
0.150000 0.020000 0.024350 0.000010 0.024360
0.150000 0.030000 0.039625 0.000010 0.039635
0.150000 0.040000 0.049325 0.000010 0.049335
0.150000 0.050000 0.054275 0.000010 0.054285
0.150000 0.060000 0.052175 0.000010 0.052185
0.150000 0.070000 0.051975 0.000010 0.051985
0.150000 0.080000 0.055850 0.056250 0.112100
0.150000 0.090000 0.055850 0.056250 0.112100
0.150000 0.100000 0.018225 0.056750 0.074975
0.150000 0.110000 0.000010 0.047975 0.047985
0.150000 0.120000 0.000010 0.055725 0.055735
0.150000 0.130000 0.000010 0.042050 0.042060
0.150000 0.140000 0.000010 0.036200 0.036210
0.150000 0.150000 0.000010 0.035875 0.035885
0.150000 0.160000 0.000010 0.033725 0.033735
0.150000 0.170000 0.000010 0.028225 0.028235
0.150000 0.180000 0.000010 0.027425 0.027435
0.150000 0.190000 0.000010 0.026351 0.026361
0.150000 0.200000 0.000010 0.024950 0.024960
0.150000 0.210000 0.000010 0.021825 0.021835
0.150000 0.220000 0.000010 0.024300 0.024310
0.150000 0.230000 0.000010 0.015450 0.015460
0.150000 0.240000 0.000010 0.016225 0.016235
0.150000 0.250000 0.000010 0.014100 0.014110
0.150000 0.260000 0.000010 0.014175 0.014185
0.150000 0.270000 0.000010 0.013601 0.013611
0.150000 0.280000 0.000010 0.012751 0.012761
0.150000 0.290000 0.000010 0.008927 0.008936
0.150000 0.300000 0.000010 0.009351 0.009361
0.150000 0.310000 0.000010 0.009351 0.009361
0.150000 0.320000 0.000010 0.007227 0.007236
0.150000 0.330000 0.000010 0.003402 0.003412
0.150000 0.340000 0.000010 0.001277 0.001287
0.150000 0.350000 0.000010 0.000851 0.000861
0.150000 0.360000 0.000010 0.000500 0.000510
0.150000 0.370000 0.000010 0.000851 0.000861
0.150000 0.380000 0.000010 0.000426 0.000436
0.150000 0.390000 0.000010 0.000010 0.000020
0.150000 0.400000 0.000010 0.000426 0.000436
0.150000 0.410000 0.000010 0.000010 0.000020
0.150000 0.420000 0.000010 0.000426 0.000436
0.150000 0.430000 0.000010 0.000010 0.000020
0.150000 0.440000 0.000010 0.000010 0.000020
0.150000 0.450000 0.000010 0.000426 0.000436
0.150000 0.460000 0.000010 0.000010 0.000020
0.150000 0.470000 0.000010 0.000010 0.000020
0.150000 0.480000 0.000010 0.000426 0.000436
0.150000 0.490000 0.000010 0.000426 0.000436
0.150000 0.500000 0.000010 0.000010 0.000020
0.150000 0.510000 0.000010 0.000010 0.000020
0.150000 0.520000 0.000010 0.000010 0.000020
0.150000 0.530000 0.000010 0.000010 0.000020
0.150000 0.540000 0.000010 0.000010 0.000020
0.150000 0.550000 0.000010 0.000010 0.000020
0.150000 0.560000 0.000010 0.000010 0.000020
0.150000 0.570000 0.000010 0.000010 0.000020
0.150000 0.580000 0.000010 0.000010 0.000020
0.150000 0.590000 0.000010 0.000010 0.000020
0.150000 0.600000 0.000010 0.000010 0.000020
0.150000 0.610000 0.000010 0.000010 0.000020
0.150000 0.620000 0.000010 0.000010 0.000020
0.150000 0.630000 0.000010 0.000010 0.000020
0.150000 0.640000 0.000010 0.000010 0.000020
0.150000 0.650000 0.000010 0.000010 0.000020
0.150000 0.660000 0.000010 0.000010 0.000020
0.150000 0.670000 0.000010 0.000010 0.000020
0.150000 0.680000 0.000010 0.000010 0.000020
0.150000 0.690000 0.000010 0.000010 0.000020
0.150000 0.700000 0.000010 0.000010 0.000020

0.200000 0.000000 0.007900 0.000010 0.007910
0.200000 0.010000 0.007900 0.000010 0.007910
0.200000 0.020000 0.028800 0.000010 0.028810
0.200000 0.030000 0.044000 0.000010 0.044010
0.200000 0.040000 0.053600 0.000010 0.053610
0.200000 0.050000 0.058700 0.000010 0.058710
0.200000 0.060000 0.056400 0.000010 0.056410
0.200000 0.070000 0.054300 0.000010 0.054310
0.200000 0.080000 0.056800 0.056000 0.112800
0.200000 0.090000 0.056800 0.056000 0.112800
0.200000 0.100000 0.017800 0.056000 0.073800
0.200000 0.110000 0.000010 0.047300 0.047310
0.200000 0.120000 0.000010 0.054300 0.054310
0.200000 0.130000 0.000010 0.040400 0.040410
0.200000 0.140000 0.000010 0.034600 0.034610
0.200000 0.150000 0.000010 0.034000 0.034010
0.200000 0.160000 0.000010 0.031800 0.031810
0.200000 0.170000 0.000010 0.026800 0.026810
0.200000 0.180000 0.000010 0.025900 0.025910
0.200000 0.190000 0.000010 0.024802 0.024812
0.200000 0.200000 0.000010 0.023600 0.023610
0.200000 0.210000 0.000010 0.020600 0.020610
0.200000 0.220000 0.000010 0.022900 0.022910
0.200000 0.230000 0.000010 0.014600 0.014610
0.200000 0.240000 0.000010 0.015300 0.015310
0.200000 0.250000 0.000010 0.013300 0.013310
0.200000 0.260000 0.000010 0.013400 0.013410
0.200000 0.270000 0.000010 0.012802 0.012812
0.200000 0.280000 0.000010 0.012002 0.012012
0.200000 0.290000 0.000010 0.008402 0.008412
0.200000 0.300000 0.000010 0.008802 0.008812
0.200000 0.310000 0.000010 0.008802 0.008812
0.200000 0.320000 0.000010 0.006802 0.006812
0.200000 0.330000 0.000010 0.003202 0.003212
0.200000 0.340000 0.000010 0.001202 0.001212
0.200000 0.350000 0.000010 0.000802 0.000812
0.200000 0.360000 0.000010 0.000500 0.000510
0.200000 0.370000 0.000010 0.000802 0.000812
0.200000 0.380000 0.000010 0.000402 0.000412
0.200000 0.390000 0.000010 0.000010 0.000020
0.200000 0.400000 0.000010 0.000402 0.000412
0.200000 0.410000 0.000010 0.000010 0.000020
0.200000 0.420000 0.000010 0.000402 0.000412
0.200000 0.430000 0.000010 0.000010 0.000020
0.200000 0.440000 0.000010 0.000010 0.000020
0.200000 0.450000 0.000010 0.000402 0.000412
0.200000 0.460000 0.000010 0.000010 0.000020
0.200000 0.470000 0.000010 0.000010 0.000020
0.200000 0.480000 0.000010 0.000402 0.000412
0.200000 0.490000 0.000010 0.000402 0.000412
0.200000 0.500000 0.000010 0.000010 0.000020
0.200000 0.510000 0.000010 0.000010 0.000020
0.200000 0.520000 0.000010 0.000010 0.000020
0.200000 0.530000 0.000010 0.000010 0.000020
0.200000 0.540000 0.000010 0.000010 0.000020
0.200000 0.550000 0.000010 0.000010 0.000020
0.200000 0.560000 0.000010 0.000010 0.000020
0.200000 0.570000 0.000010 0.000010 0.000020
0.200000 0.580000 0.000010 0.000010 0.000020
0.200000 0.590000 0.000010 0.000010 0.000020
0.200000 0.600000 0.000010 0.000010 0.000020
0.200000 0.610000 0.000010 0.000010 0.000020
0.200000 0.620000 0.000010 0.000010 0.000020
0.200000 0.630000 0.000010 0.000010 0.000020
0.200000 0.640000 0.000010 0.000010 0.000020
0.200000 0.650000 0.000010 0.000010 0.000020
0.200000 0.660000 0.000010 0.000010 0.000020
0.200000 0.670000 0.000010 0.000010 0.000020
0.200000 0.680000 0.000010 0.000010 0.000020
0.200000 0.690000 0.000010 0.000010 0.000020
0.200000 0.700000 0.000010 0.000010 0.000020

0.250000 0.000000 0.009375 0.000010 0.009385
0.250000 0.010000 0.009375 0.000010 0.009385
0.250000 0.020000 0.033250 0.000010 0.033260
0.250000 0.030000 0.048375 0.000010 0.048385
0.250000 0.040000 0.057875 0.000010 0.057885
0.250000 0.050000 0.063125 0.000010 0.063135
0.250000 0.060000 0.060625 0.000010 0.060635
0.250000 0.070000 0.056625 0.000010 0.056635
0.250000 0.080000 0.057750 0.055750 0.113500
0.250000 0.090000 0.057750 0.055750 0.113500
0.250000 0.100000 0.017375 0.055250 0.072625
0.250000 0.110000 0.000010 0.046625 0.046635
0.250000 0.120000 0.000010 0.052875 0.052885
0.250000 0.130000 0.000010 0.038750 0.038760
0.250000 0.140000 0.000010 0.033000 0.033010
0.250000 0.150000 0.000010 0.032125 0.032135
0.250000 0.160000 0.000010 0.029875 0.029885
0.250000 0.170000 0.000010 0.025375 0.025385
0.250000 0.180000 0.000010 0.024375 0.024385
0.250000 0.190000 0.000010 0.023252 0.023262
0.250000 0.200000 0.000010 0.022250 0.022260
0.250000 0.210000 0.000010 0.019375 0.019385
0.250000 0.220000 0.000010 0.021500 0.021510
0.250000 0.230000 0.000010 0.013750 0.013760
0.250000 0.240000 0.000010 0.014375 0.014385
0.250000 0.250000 0.000010 0.012500 0.012510
0.250000 0.260000 0.000010 0.012625 0.012635
0.250000 0.270000 0.000010 0.012003 0.012013
0.250000 0.280000 0.000010 0.011253 0.011262
0.250000 0.290000 0.000010 0.007878 0.007888
0.250000 0.300000 0.000010 0.008253 0.008263
0.250000 0.310000 0.000010 0.008253 0.008263
0.250000 0.320000 0.000010 0.006378 0.006387
0.250000 0.330000 0.000010 0.003002 0.003012
0.250000 0.340000 0.000010 0.001128 0.001138
0.250000 0.350000 0.000010 0.000753 0.000763
0.250000 0.360000 0.000010 0.000500 0.000510
0.250000 0.370000 0.000010 0.000753 0.000763
0.250000 0.380000 0.000010 0.000378 0.000388
0.250000 0.390000 0.000010 0.000010 0.000020
0.250000 0.400000 0.000010 0.000378 0.000388
0.250000 0.410000 0.000010 0.000010 0.000020
0.250000 0.420000 0.000010 0.000378 0.000388
0.250000 0.430000 0.000010 0.000010 0.000020
0.250000 0.440000 0.000010 0.000010 0.000020
0.250000 0.450000 0.000010 0.000378 0.000388
0.250000 0.460000 0.000010 0.000010 0.000020
0.250000 0.470000 0.000010 0.000010 0.000020
0.250000 0.480000 0.000010 0.000378 0.000388
0.250000 0.490000 0.000010 0.000378 0.000388
0.250000 0.500000 0.000010 0.000010 0.000020
0.250000 0.510000 0.000010 0.000010 0.000020
0.250000 0.520000 0.000010 0.000010 0.000020
0.250000 0.530000 0.000010 0.000010 0.000020
0.250000 0.540000 0.000010 0.000010 0.000020
0.250000 0.550000 0.000010 0.000010 0.000020
0.250000 0.560000 0.000010 0.000010 0.000020
0.250000 0.570000 0.000010 0.000010 0.000020
0.250000 0.580000 0.000010 0.000010 0.000020
0.250000 0.590000 0.000010 0.000010 0.000020
0.250000 0.600000 0.000010 0.000010 0.000020
0.250000 0.610000 0.000010 0.000010 0.000020
0.250000 0.620000 0.000010 0.000010 0.000020
0.250000 0.630000 0.000010 0.000010 0.000020
0.250000 0.640000 0.000010 0.000010 0.000020
0.250000 0.650000 0.000010 0.000010 0.000020
0.250000 0.660000 0.000010 0.000010 0.000020
0.250000 0.670000 0.000010 0.000010 0.000020
0.250000 0.680000 0.000010 0.000010 0.000020
0.250000 0.690000 0.000010 0.000010 0.000020
0.250000 0.700000 0.000010 0.000010 0.000020

0.300000 0.000000 0.010850 0.000010 0.010860
0.300000 0.010000 0.010850 0.000010 0.010860
0.300000 0.020000 0.037700 0.000010 0.037710
0.300000 0.030000 0.052750 0.000010 0.052760
0.300000 0.040000 0.062150 0.000010 0.062160
0.300000 0.050000 0.067550 0.000010 0.067560
0.300000 0.060000 0.064850 0.000010 0.064860
0.300000 0.070000 0.058950 0.000010 0.058960
0.300000 0.080000 0.058700 0.055500 0.114200
0.300000 0.090000 0.058700 0.055500 0.114200
0.300000 0.100000 0.016950 0.054500 0.071450
0.300000 0.110000 0.000010 0.045950 0.045960
0.300000 0.120000 0.000010 0.051450 0.051460
0.300000 0.130000 0.000010 0.037100 0.037110
0.300000 0.140000 0.000010 0.031400 0.031410
0.300000 0.150000 0.000010 0.030250 0.030260
0.300000 0.160000 0.000010 0.027950 0.027960
0.300000 0.170000 0.000010 0.023950 0.023960
0.300000 0.180000 0.000010 0.022850 0.022860
0.300000 0.190000 0.000010 0.021703 0.021713
0.300000 0.200000 0.000010 0.020900 0.020910
0.300000 0.210000 0.000010 0.018150 0.018160
0.300000 0.220000 0.000010 0.020100 0.020110
0.300000 0.230000 0.000010 0.012900 0.012910
0.300000 0.240000 0.000010 0.013450 0.013460
0.300000 0.250000 0.000010 0.011700 0.011710
0.300000 0.260000 0.000010 0.011850 0.011860
0.300000 0.270000 0.000010 0.011203 0.011213
0.300000 0.280000 0.000010 0.010503 0.010513
0.300000 0.290000 0.000010 0.007353 0.007363
0.300000 0.300000 0.000010 0.007703 0.007713
0.300000 0.310000 0.000010 0.007703 0.007713
0.300000 0.320000 0.000010 0.005953 0.005963
0.300000 0.330000 0.000010 0.002803 0.002813
0.300000 0.340000 0.000010 0.001053 0.001063
0.300000 0.350000 0.000010 0.000703 0.000713
0.300000 0.360000 0.000010 0.000500 0.000510
0.300000 0.370000 0.000010 0.000703 0.000713
0.300000 0.380000 0.000010 0.000353 0.000363
0.300000 0.390000 0.000010 0.000010 0.000020
0.300000 0.400000 0.000010 0.000353 0.000363
0.300000 0.410000 0.000010 0.000010 0.000020
0.300000 0.420000 0.000010 0.000353 0.000363
0.300000 0.430000 0.000010 0.000010 0.000020
0.300000 0.440000 0.000010 0.000010 0.000020
0.300000 0.450000 0.000010 0.000353 0.000363
0.300000 0.460000 0.000010 0.000010 0.000020
0.300000 0.470000 0.000010 0.000010 0.000020
0.300000 0.480000 0.000010 0.000353 0.000363
0.300000 0.490000 0.000010 0.000353 0.000363
0.300000 0.500000 0.000010 0.000010 0.000020
0.300000 0.510000 0.000010 0.000010 0.000020
0.300000 0.520000 0.000010 0.000010 0.000020
0.300000 0.530000 0.000010 0.000010 0.000020
0.300000 0.540000 0.000010 0.000010 0.000020
0.300000 0.550000 0.000010 0.000010 0.000020
0.300000 0.560000 0.000010 0.000010 0.000020
0.300000 0.570000 0.000010 0.000010 0.000020
0.300000 0.580000 0.000010 0.000010 0.000020
0.300000 0.590000 0.000010 0.000010 0.000020
0.300000 0.600000 0.000010 0.000010 0.000020
0.300000 0.610000 0.000010 0.000010 0.000020
0.300000 0.620000 0.000010 0.000010 0.000020
0.300000 0.630000 0.000010 0.000010 0.000020
0.300000 0.640000 0.000010 0.000010 0.000020
0.300000 0.650000 0.000010 0.000010 0.000020
0.300000 0.660000 0.000010 0.000010 0.000020
0.300000 0.670000 0.000010 0.000010 0.000020
0.300000 0.680000 0.000010 0.000010 0.000020
0.300000 0.690000 0.000010 0.000010 0.000020
0.300000 0.700000 0.000010 0.000010 0.000020

0.350000 0.000000 0.012325 0.000010 0.012335
0.350000 0.010000 0.012325 0.000010 0.012335
0.350000 0.020000 0.042150 0.000010 0.042160
0.350000 0.030000 0.057125 0.000010 0.057135
0.350000 0.040000 0.066425 0.000010 0.066435
0.350000 0.050000 0.071975 0.000010 0.071985
0.350000 0.060000 0.069075 0.000010 0.069085
0.350000 0.070000 0.061275 0.000010 0.061285
0.350000 0.080000 0.059650 0.055250 0.114900
0.350000 0.090000 0.059650 0.055250 0.114900
0.350000 0.100000 0.016525 0.053750 0.070275
0.350000 0.110000 0.000010 0.045275 0.045285
0.350000 0.120000 0.000010 0.050025 0.050035
0.350000 0.130000 0.000010 0.035450 0.035460
0.350000 0.140000 0.000010 0.029800 0.029810
0.350000 0.150000 0.000010 0.028375 0.028385
0.350000 0.160000 0.000010 0.026025 0.026035
0.350000 0.170000 0.000010 0.022525 0.022535
0.350000 0.180000 0.000010 0.021325 0.021335
0.350000 0.190000 0.000010 0.020154 0.020164
0.350000 0.200000 0.000010 0.019550 0.019560
0.350000 0.210000 0.000010 0.016925 0.016935
0.350000 0.220000 0.000010 0.018700 0.018710
0.350000 0.230000 0.000010 0.012050 0.012060
0.350000 0.240000 0.000010 0.012525 0.012535
0.350000 0.250000 0.000010 0.010900 0.010910
0.350000 0.260000 0.000010 0.011075 0.011085
0.350000 0.270000 0.000010 0.010404 0.010414
0.350000 0.280000 0.000010 0.009754 0.009763
0.350000 0.290000 0.000010 0.006829 0.006838
0.350000 0.300000 0.000010 0.007154 0.007163
0.350000 0.310000 0.000010 0.007154 0.007163
0.350000 0.320000 0.000010 0.005529 0.005539
0.350000 0.330000 0.000010 0.002604 0.002614
0.350000 0.340000 0.000010 0.000978 0.000989
0.350000 0.350000 0.000010 0.000654 0.000664
0.350000 0.360000 0.000010 0.000500 0.000510
0.350000 0.370000 0.000010 0.000654 0.000664
0.350000 0.380000 0.000010 0.000329 0.000339
0.350000 0.390000 0.000010 0.000010 0.000020
0.350000 0.400000 0.000010 0.000329 0.000339
0.350000 0.410000 0.000010 0.000010 0.000020
0.350000 0.420000 0.000010 0.000329 0.000339
0.350000 0.430000 0.000010 0.000010 0.000020
0.350000 0.440000 0.000010 0.000010 0.000020
0.350000 0.450000 0.000010 0.000329 0.000339
0.350000 0.460000 0.000010 0.000010 0.000020
0.350000 0.470000 0.000010 0.000010 0.000020
0.350000 0.480000 0.000010 0.000329 0.000339
0.350000 0.490000 0.000010 0.000329 0.000339
0.350000 0.500000 0.000010 0.000010 0.000020
0.350000 0.510000 0.000010 0.000010 0.000020
0.350000 0.520000 0.000010 0.000010 0.000020
0.350000 0.530000 0.000010 0.000010 0.000020
0.350000 0.540000 0.000010 0.000010 0.000020
0.350000 0.550000 0.000010 0.000010 0.000020
0.350000 0.560000 0.000010 0.000010 0.000020
0.350000 0.570000 0.000010 0.000010 0.000020
0.350000 0.580000 0.000010 0.000010 0.000020
0.350000 0.590000 0.000010 0.000010 0.000020
0.350000 0.600000 0.000010 0.000010 0.000020
0.350000 0.610000 0.000010 0.000010 0.000020
0.350000 0.620000 0.000010 0.000010 0.000020
0.350000 0.630000 0.000010 0.000010 0.000020
0.350000 0.640000 0.000010 0.000010 0.000020
0.350000 0.650000 0.000010 0.000010 0.000020
0.350000 0.660000 0.000010 0.000010 0.000020
0.350000 0.670000 0.000010 0.000010 0.000020
0.350000 0.680000 0.000010 0.000010 0.000020
0.350000 0.690000 0.000010 0.000010 0.000020
0.350000 0.700000 0.000010 0.000010 0.000020

0.400000 0.000000 0.013800 0.000010 0.013810
0.400000 0.010000 0.013800 0.000010 0.013810
0.400000 0.020000 0.046600 0.000010 0.046610
0.400000 0.030000 0.061500 0.000010 0.061510
0.400000 0.040000 0.070700 0.000010 0.070710
0.400000 0.050000 0.076400 0.000010 0.076410
0.400000 0.060000 0.073300 0.000010 0.073310
0.400000 0.070000 0.063600 0.000010 0.063610
0.400000 0.080000 0.060600 0.055000 0.115600
0.400000 0.090000 0.060600 0.055000 0.115600
0.400000 0.100000 0.016100 0.053000 0.069100
0.400000 0.110000 0.000010 0.044600 0.044610
0.400000 0.120000 0.000010 0.048600 0.048610
0.400000 0.130000 0.000010 0.033800 0.033810
0.400000 0.140000 0.000010 0.028200 0.028210
0.400000 0.150000 0.000010 0.026500 0.026510
0.400000 0.160000 0.000010 0.024100 0.024110
0.400000 0.170000 0.000010 0.021100 0.021110
0.400000 0.180000 0.000010 0.019800 0.019810
0.400000 0.190000 0.000010 0.018604 0.018614
0.400000 0.200000 0.000010 0.018200 0.018210
0.400000 0.210000 0.000010 0.015700 0.015710
0.400000 0.220000 0.000010 0.017300 0.017310
0.400000 0.230000 0.000010 0.011200 0.011210
0.400000 0.240000 0.000010 0.011600 0.011610
0.400000 0.250000 0.000010 0.010100 0.010110
0.400000 0.260000 0.000010 0.010300 0.010310
0.400000 0.270000 0.000010 0.009604 0.009614
0.400000 0.280000 0.000010 0.009004 0.009014
0.400000 0.290000 0.000010 0.006304 0.006314
0.400000 0.300000 0.000010 0.006604 0.006614
0.400000 0.310000 0.000010 0.006604 0.006614
0.400000 0.320000 0.000010 0.005104 0.005114
0.400000 0.330000 0.000010 0.002404 0.002414
0.400000 0.340000 0.000010 0.000904 0.000914
0.400000 0.350000 0.000010 0.000604 0.000614
0.400000 0.360000 0.000010 0.000500 0.000510
0.400000 0.370000 0.000010 0.000604 0.000614
0.400000 0.380000 0.000010 0.000304 0.000314
0.400000 0.390000 0.000010 0.000010 0.000020
0.400000 0.400000 0.000010 0.000304 0.000314
0.400000 0.410000 0.000010 0.000010 0.000020
0.400000 0.420000 0.000010 0.000304 0.000314
0.400000 0.430000 0.000010 0.000010 0.000020
0.400000 0.440000 0.000010 0.000010 0.000020
0.400000 0.450000 0.000010 0.000304 0.000314
0.400000 0.460000 0.000010 0.000010 0.000020
0.400000 0.470000 0.000010 0.000010 0.000020
0.400000 0.480000 0.000010 0.000304 0.000314
0.400000 0.490000 0.000010 0.000304 0.000314
0.400000 0.500000 0.000010 0.000010 0.000020
0.400000 0.510000 0.000010 0.000010 0.000020
0.400000 0.520000 0.000010 0.000010 0.000020
0.400000 0.530000 0.000010 0.000010 0.000020
0.400000 0.540000 0.000010 0.000010 0.000020
0.400000 0.550000 0.000010 0.000010 0.000020
0.400000 0.560000 0.000010 0.000010 0.000020
0.400000 0.570000 0.000010 0.000010 0.000020
0.400000 0.580000 0.000010 0.000010 0.000020
0.400000 0.590000 0.000010 0.000010 0.000020
0.400000 0.600000 0.000010 0.000010 0.000020
0.400000 0.610000 0.000010 0.000010 0.000020
0.400000 0.620000 0.000010 0.000010 0.000020
0.400000 0.630000 0.000010 0.000010 0.000020
0.400000 0.640000 0.000010 0.000010 0.000020
0.400000 0.650000 0.000010 0.000010 0.000020
0.400000 0.660000 0.000010 0.000010 0.000020
0.400000 0.670000 0.000010 0.000010 0.000020
0.400000 0.680000 0.000010 0.000010 0.000020
0.400000 0.690000 0.000010 0.000010 0.000020
0.400000 0.700000 0.000010 0.000010 0.000020

0.450000 0.000000 0.015275 0.000010 0.015285
0.450000 0.010000 0.015275 0.000010 0.015285
0.450000 0.020000 0.051050 0.000010 0.051060
0.450000 0.030000 0.065875 0.000010 0.065885
0.450000 0.040000 0.074975 0.000010 0.074985
0.450000 0.050000 0.080825 0.000010 0.080835
0.450000 0.060000 0.077525 0.000010 0.077535
0.450000 0.070000 0.065925 0.000010 0.065935
0.450000 0.080000 0.061550 0.054750 0.116300
0.450000 0.090000 0.061550 0.054750 0.116300
0.450000 0.100000 0.015675 0.052250 0.067925
0.450000 0.110000 0.000010 0.043925 0.043935
0.450000 0.120000 0.000010 0.047175 0.047185
0.450000 0.130000 0.000010 0.032150 0.032160
0.450000 0.140000 0.000010 0.026600 0.026610
0.450000 0.150000 0.000010 0.024625 0.024635
0.450000 0.160000 0.000010 0.022175 0.022185
0.450000 0.170000 0.000010 0.019675 0.019685
0.450000 0.180000 0.000010 0.018275 0.018285
0.450000 0.190000 0.000010 0.017055 0.017065
0.450000 0.200000 0.000010 0.016850 0.016860
0.450000 0.210000 0.000010 0.014475 0.014485
0.450000 0.220000 0.000010 0.015900 0.015910
0.450000 0.230000 0.000010 0.010350 0.010360
0.450000 0.240000 0.000010 0.010675 0.010685
0.450000 0.250000 0.000010 0.009300 0.009310
0.450000 0.260000 0.000010 0.009525 0.009535
0.450000 0.270000 0.000010 0.008804 0.008814
0.450000 0.280000 0.000010 0.008254 0.008264
0.450000 0.290000 0.000010 0.005780 0.005790
0.450000 0.300000 0.000010 0.006054 0.006064
0.450000 0.310000 0.000010 0.006054 0.006064
0.450000 0.320000 0.000010 0.004680 0.004690
0.450000 0.330000 0.000010 0.002205 0.002215
0.450000 0.340000 0.000010 0.000830 0.000840
0.450000 0.350000 0.000010 0.000554 0.000565
0.450000 0.360000 0.000010 0.000500 0.000510
0.450000 0.370000 0.000010 0.000554 0.000565
0.450000 0.380000 0.000010 0.000280 0.000290
0.450000 0.390000 0.000010 0.000010 0.000020
0.450000 0.400000 0.000010 0.000280 0.000290
0.450000 0.410000 0.000010 0.000010 0.000020
0.450000 0.420000 0.000010 0.000280 0.000290
0.450000 0.430000 0.000010 0.000010 0.000020
0.450000 0.440000 0.000010 0.000010 0.000020
0.450000 0.450000 0.000010 0.000280 0.000290
0.450000 0.460000 0.000010 0.000010 0.000020
0.450000 0.470000 0.000010 0.000010 0.000020
0.450000 0.480000 0.000010 0.000280 0.000290
0.450000 0.490000 0.000010 0.000280 0.000290
0.450000 0.500000 0.000010 0.000010 0.000020
0.450000 0.510000 0.000010 0.000010 0.000020
0.450000 0.520000 0.000010 0.000010 0.000020
0.450000 0.530000 0.000010 0.000010 0.000020
0.450000 0.540000 0.000010 0.000010 0.000020
0.450000 0.550000 0.000010 0.000010 0.000020
0.450000 0.560000 0.000010 0.000010 0.000020
0.450000 0.570000 0.000010 0.000010 0.000020
0.450000 0.580000 0.000010 0.000010 0.000020
0.450000 0.590000 0.000010 0.000010 0.000020
0.450000 0.600000 0.000010 0.000010 0.000020
0.450000 0.610000 0.000010 0.000010 0.000020
0.450000 0.620000 0.000010 0.000010 0.000020
0.450000 0.630000 0.000010 0.000010 0.000020
0.450000 0.640000 0.000010 0.000010 0.000020
0.450000 0.650000 0.000010 0.000010 0.000020
0.450000 0.660000 0.000010 0.000010 0.000020
0.450000 0.670000 0.000010 0.000010 0.000020
0.450000 0.680000 0.000010 0.000010 0.000020
0.450000 0.690000 0.000010 0.000010 0.000020
0.450000 0.700000 0.000010 0.000010 0.000020

0.500000 0.000000 0.016750 0.000010 0.016760
0.500000 0.010000 0.016750 0.000010 0.016760
0.500000 0.020000 0.055500 0.000010 0.055510
0.500000 0.030000 0.070250 0.000010 0.070260
0.500000 0.040000 0.079250 0.000010 0.079260
0.500000 0.050000 0.085250 0.000010 0.085260
0.500000 0.060000 0.081750 0.000010 0.081760
0.500000 0.070000 0.068250 0.000010 0.068260
0.500000 0.080000 0.062500 0.054500 0.117000
0.500000 0.090000 0.062500 0.054500 0.117000
0.500000 0.100000 0.015250 0.051500 0.066750
0.500000 0.110000 0.000010 0.043250 0.043260
0.500000 0.120000 0.000010 0.045750 0.045760
0.500000 0.130000 0.000010 0.030500 0.030510
0.500000 0.140000 0.000010 0.025000 0.025010
0.500000 0.150000 0.000010 0.022750 0.022760
0.500000 0.160000 0.000010 0.020250 0.020260
0.500000 0.170000 0.000010 0.018250 0.018260
0.500000 0.180000 0.000010 0.016750 0.016760
0.500000 0.190000 0.000010 0.015505 0.015515
0.500000 0.200000 0.000010 0.015500 0.015510
0.500000 0.210000 0.000010 0.013250 0.013260
0.500000 0.220000 0.000010 0.014500 0.014510
0.500000 0.230000 0.000010 0.009500 0.009510
0.500000 0.240000 0.000010 0.009750 0.009760
0.500000 0.250000 0.000010 0.008500 0.008510
0.500000 0.260000 0.000010 0.008750 0.008760
0.500000 0.270000 0.000010 0.008005 0.008015
0.500000 0.280000 0.000010 0.007505 0.007515
0.500000 0.290000 0.000010 0.005255 0.005265
0.500000 0.300000 0.000010 0.005505 0.005515
0.500000 0.310000 0.000010 0.005505 0.005515
0.500000 0.320000 0.000010 0.004255 0.004265
0.500000 0.330000 0.000010 0.002005 0.002015
0.500000 0.340000 0.000010 0.000755 0.000765
0.500000 0.350000 0.000010 0.000505 0.000515
0.500000 0.360000 0.000010 0.000500 0.000510
0.500000 0.370000 0.000010 0.000505 0.000515
0.500000 0.380000 0.000010 0.000255 0.000265
0.500000 0.390000 0.000010 0.000010 0.000020
0.500000 0.400000 0.000010 0.000255 0.000265
0.500000 0.410000 0.000010 0.000010 0.000020
0.500000 0.420000 0.000010 0.000255 0.000265
0.500000 0.430000 0.000010 0.000010 0.000020
0.500000 0.440000 0.000010 0.000010 0.000020
0.500000 0.450000 0.000010 0.000255 0.000265
0.500000 0.460000 0.000010 0.000010 0.000020
0.500000 0.470000 0.000010 0.000010 0.000020
0.500000 0.480000 0.000010 0.000255 0.000265
0.500000 0.490000 0.000010 0.000255 0.000265
0.500000 0.500000 0.000010 0.000010 0.000020
0.500000 0.510000 0.000010 0.000010 0.000020
0.500000 0.520000 0.000010 0.000010 0.000020
0.500000 0.530000 0.000010 0.000010 0.000020
0.500000 0.540000 0.000010 0.000010 0.000020
0.500000 0.550000 0.000010 0.000010 0.000020
0.500000 0.560000 0.000010 0.000010 0.000020
0.500000 0.570000 0.000010 0.000010 0.000020
0.500000 0.580000 0.000010 0.000010 0.000020
0.500000 0.590000 0.000010 0.000010 0.000020
0.500000 0.600000 0.000010 0.000010 0.000020
0.500000 0.610000 0.000010 0.000010 0.000020
0.500000 0.620000 0.000010 0.000010 0.000020
0.500000 0.630000 0.000010 0.000010 0.000020
0.500000 0.640000 0.000010 0.000010 0.000020
0.500000 0.650000 0.000010 0.000010 0.000020
0.500000 0.660000 0.000010 0.000010 0.000020
0.500000 0.670000 0.000010 0.000010 0.000020
0.500000 0.680000 0.000010 0.000010 0.000020
0.500000 0.690000 0.000010 0.000010 0.000020
0.500000 0.700000 0.000010 0.000010 0.000020

0.550000 0.000000 0.018225 0.000010 0.018235
0.550000 0.010000 0.018225 0.000010 0.018235
0.550000 0.020000 0.059950 0.000010 0.059960
0.550000 0.030000 0.074625 0.000010 0.074635
0.550000 0.040000 0.083525 0.000010 0.083535
0.550000 0.050000 0.089675 0.000010 0.089685
0.550000 0.060000 0.085975 0.000010 0.085985
0.550000 0.070000 0.070575 0.000010 0.070585
0.550000 0.080000 0.063450 0.054250 0.117700
0.550000 0.090000 0.063450 0.054250 0.117700
0.550000 0.100000 0.014825 0.050750 0.065575
0.550000 0.110000 0.000010 0.042575 0.042585
0.550000 0.120000 0.000010 0.044325 0.044335
0.550000 0.130000 0.000010 0.028850 0.028860
0.550000 0.140000 0.000010 0.023400 0.023410
0.550000 0.150000 0.000010 0.020875 0.020885
0.550000 0.160000 0.000010 0.018325 0.018335
0.550000 0.170000 0.000010 0.016825 0.016835
0.550000 0.180000 0.000010 0.015225 0.015235
0.550000 0.190000 0.000010 0.013956 0.013966
0.550000 0.200000 0.000010 0.014150 0.014160
0.550000 0.210000 0.000010 0.012025 0.012035
0.550000 0.220000 0.000010 0.013100 0.013110
0.550000 0.230000 0.000010 0.008650 0.008660
0.550000 0.240000 0.000010 0.008825 0.008835
0.550000 0.250000 0.000010 0.007700 0.007710
0.550000 0.260000 0.000010 0.007975 0.007985
0.550000 0.270000 0.000010 0.007206 0.007216
0.550000 0.280000 0.000010 0.006756 0.006766
0.550000 0.290000 0.000010 0.004731 0.004741
0.550000 0.300000 0.000010 0.004956 0.004966
0.550000 0.310000 0.000010 0.004956 0.004966
0.550000 0.320000 0.000010 0.003831 0.003841
0.550000 0.330000 0.000010 0.001806 0.001816
0.550000 0.340000 0.000010 0.000681 0.000691
0.550000 0.350000 0.000010 0.000456 0.000466
0.550000 0.360000 0.000010 0.000500 0.000510
0.550000 0.370000 0.000010 0.000456 0.000466
0.550000 0.380000 0.000010 0.000231 0.000241
0.550000 0.390000 0.000010 0.000010 0.000020
0.550000 0.400000 0.000010 0.000231 0.000241
0.550000 0.410000 0.000010 0.000010 0.000020
0.550000 0.420000 0.000010 0.000231 0.000241
0.550000 0.430000 0.000010 0.000010 0.000020
0.550000 0.440000 0.000010 0.000010 0.000020
0.550000 0.450000 0.000010 0.000231 0.000241
0.550000 0.460000 0.000010 0.000010 0.000020
0.550000 0.470000 0.000010 0.000010 0.000020
0.550000 0.480000 0.000010 0.000231 0.000241
0.550000 0.490000 0.000010 0.000231 0.000241
0.550000 0.500000 0.000010 0.000010 0.000020
0.550000 0.510000 0.000010 0.000010 0.000020
0.550000 0.520000 0.000010 0.000010 0.000020
0.550000 0.530000 0.000010 0.000010 0.000020
0.550000 0.540000 0.000010 0.000010 0.000020
0.550000 0.550000 0.000010 0.000010 0.000020
0.550000 0.560000 0.000010 0.000010 0.000020
0.550000 0.570000 0.000010 0.000010 0.000020
0.550000 0.580000 0.000010 0.000010 0.000020
0.550000 0.590000 0.000010 0.000010 0.000020
0.550000 0.600000 0.000010 0.000010 0.000020
0.550000 0.610000 0.000010 0.000010 0.000020
0.550000 0.620000 0.000010 0.000010 0.000020
0.550000 0.630000 0.000010 0.000010 0.000020
0.550000 0.640000 0.000010 0.000010 0.000020
0.550000 0.650000 0.000010 0.000010 0.000020
0.550000 0.660000 0.000010 0.000010 0.000020
0.550000 0.670000 0.000010 0.000010 0.000020
0.550000 0.680000 0.000010 0.000010 0.000020
0.550000 0.690000 0.000010 0.000010 0.000020
0.550000 0.700000 0.000010 0.000010 0.000020

0.600000 0.000000 0.019700 0.000010 0.019710
0.600000 0.010000 0.019700 0.000010 0.019710
0.600000 0.020000 0.064400 0.000010 0.064410
0.600000 0.030000 0.079000 0.000010 0.079010
0.600000 0.040000 0.087800 0.000010 0.087810
0.600000 0.050000 0.094100 0.000010 0.094110
0.600000 0.060000 0.090200 0.000010 0.090210
0.600000 0.070000 0.072900 0.000010 0.072910
0.600000 0.080000 0.064400 0.054000 0.118400
0.600000 0.090000 0.064400 0.054000 0.118400
0.600000 0.100000 0.014400 0.050000 0.064400
0.600000 0.110000 0.000010 0.041900 0.041910
0.600000 0.120000 0.000010 0.042900 0.042910
0.600000 0.130000 0.000010 0.027200 0.027210
0.600000 0.140000 0.000010 0.021800 0.021810
0.600000 0.150000 0.000010 0.019000 0.019010
0.600000 0.160000 0.000010 0.016400 0.016410
0.600000 0.170000 0.000010 0.015400 0.015410
0.600000 0.180000 0.000010 0.013700 0.013710
0.600000 0.190000 0.000010 0.012406 0.012416
0.600000 0.200000 0.000010 0.012800 0.012810
0.600000 0.210000 0.000010 0.010800 0.010810
0.600000 0.220000 0.000010 0.011700 0.011710
0.600000 0.230000 0.000010 0.007800 0.007810
0.600000 0.240000 0.000010 0.007900 0.007910
0.600000 0.250000 0.000010 0.006900 0.006910
0.600000 0.260000 0.000010 0.007200 0.007210
0.600000 0.270000 0.000010 0.006406 0.006416
0.600000 0.280000 0.000010 0.006006 0.006016
0.600000 0.290000 0.000010 0.004206 0.004216
0.600000 0.300000 0.000010 0.004406 0.004416
0.600000 0.310000 0.000010 0.004406 0.004416
0.600000 0.320000 0.000010 0.003406 0.003416
0.600000 0.330000 0.000010 0.001606 0.001616
0.600000 0.340000 0.000010 0.000606 0.000616
0.600000 0.350000 0.000010 0.000406 0.000416
0.600000 0.360000 0.000010 0.000500 0.000510
0.600000 0.370000 0.000010 0.000406 0.000416
0.600000 0.380000 0.000010 0.000206 0.000216
0.600000 0.390000 0.000010 0.000010 0.000020
0.600000 0.400000 0.000010 0.000206 0.000216
0.600000 0.410000 0.000010 0.000010 0.000020
0.600000 0.420000 0.000010 0.000206 0.000216
0.600000 0.430000 0.000010 0.000010 0.000020
0.600000 0.440000 0.000010 0.000010 0.000020
0.600000 0.450000 0.000010 0.000206 0.000216
0.600000 0.460000 0.000010 0.000010 0.000020
0.600000 0.470000 0.000010 0.000010 0.000020
0.600000 0.480000 0.000010 0.000206 0.000216
0.600000 0.490000 0.000010 0.000206 0.000216
0.600000 0.500000 0.000010 0.000010 0.000020
0.600000 0.510000 0.000010 0.000010 0.000020
0.600000 0.520000 0.000010 0.000010 0.000020
0.600000 0.530000 0.000010 0.000010 0.000020
0.600000 0.540000 0.000010 0.000010 0.000020
0.600000 0.550000 0.000010 0.000010 0.000020
0.600000 0.560000 0.000010 0.000010 0.000020
0.600000 0.570000 0.000010 0.000010 0.000020
0.600000 0.580000 0.000010 0.000010 0.000020
0.600000 0.590000 0.000010 0.000010 0.000020
0.600000 0.600000 0.000010 0.000010 0.000020
0.600000 0.610000 0.000010 0.000010 0.000020
0.600000 0.620000 0.000010 0.000010 0.000020
0.600000 0.630000 0.000010 0.000010 0.000020
0.600000 0.640000 0.000010 0.000010 0.000020
0.600000 0.650000 0.000010 0.000010 0.000020
0.600000 0.660000 0.000010 0.000010 0.000020
0.600000 0.670000 0.000010 0.000010 0.000020
0.600000 0.680000 0.000010 0.000010 0.000020
0.600000 0.690000 0.000010 0.000010 0.000020
0.600000 0.700000 0.000010 0.000010 0.000020

0.650000 0.000000 0.021175 0.000010 0.021185
0.650000 0.010000 0.021175 0.000010 0.021185
0.650000 0.020000 0.068850 0.000010 0.068860
0.650000 0.030000 0.083375 0.000010 0.083385
0.650000 0.040000 0.092075 0.000010 0.092085
0.650000 0.050000 0.098525 0.000010 0.098535
0.650000 0.060000 0.094425 0.000010 0.094435
0.650000 0.070000 0.075225 0.000010 0.075235
0.650000 0.080000 0.065350 0.053750 0.119100
0.650000 0.090000 0.065350 0.053750 0.119100
0.650000 0.100000 0.013975 0.049250 0.063225
0.650000 0.110000 0.000010 0.041225 0.041235
0.650000 0.120000 0.000010 0.041475 0.041485
0.650000 0.130000 0.000010 0.025550 0.025560
0.650000 0.140000 0.000010 0.020200 0.020210
0.650000 0.150000 0.000010 0.017125 0.017135
0.650000 0.160000 0.000010 0.014475 0.014485
0.650000 0.170000 0.000010 0.013975 0.013985
0.650000 0.180000 0.000010 0.012175 0.012185
0.650000 0.190000 0.000010 0.010856 0.010866
0.650000 0.200000 0.000010 0.011450 0.011460
0.650000 0.210000 0.000010 0.009575 0.009585
0.650000 0.220000 0.000010 0.010300 0.010310
0.650000 0.230000 0.000010 0.006950 0.006960
0.650000 0.240000 0.000010 0.006975 0.006985
0.650000 0.250000 0.000010 0.006100 0.006110
0.650000 0.260000 0.000010 0.006425 0.006435
0.650000 0.270000 0.000010 0.005607 0.005616
0.650000 0.280000 0.000010 0.005256 0.005266
0.650000 0.290000 0.000010 0.003681 0.003691
0.650000 0.300000 0.000010 0.003856 0.003866
0.650000 0.310000 0.000010 0.003856 0.003866
0.650000 0.320000 0.000010 0.002982 0.002992
0.650000 0.330000 0.000010 0.001406 0.001417
0.650000 0.340000 0.000010 0.000531 0.000541
0.650000 0.350000 0.000010 0.000356 0.000367
0.650000 0.360000 0.000010 0.000500 0.000510
0.650000 0.370000 0.000010 0.000356 0.000367
0.650000 0.380000 0.000010 0.000181 0.000191
0.650000 0.390000 0.000010 0.000010 0.000020
0.650000 0.400000 0.000010 0.000181 0.000191
0.650000 0.410000 0.000010 0.000010 0.000020
0.650000 0.420000 0.000010 0.000181 0.000191
0.650000 0.430000 0.000010 0.000010 0.000020
0.650000 0.440000 0.000010 0.000010 0.000020
0.650000 0.450000 0.000010 0.000181 0.000191
0.650000 0.460000 0.000010 0.000010 0.000020
0.650000 0.470000 0.000010 0.000010 0.000020
0.650000 0.480000 0.000010 0.000181 0.000191
0.650000 0.490000 0.000010 0.000181 0.000191
0.650000 0.500000 0.000010 0.000010 0.000020
0.650000 0.510000 0.000010 0.000010 0.000020
0.650000 0.520000 0.000010 0.000010 0.000020
0.650000 0.530000 0.000010 0.000010 0.000020
0.650000 0.540000 0.000010 0.000010 0.000020
0.650000 0.550000 0.000010 0.000010 0.000020
0.650000 0.560000 0.000010 0.000010 0.000020
0.650000 0.570000 0.000010 0.000010 0.000020
0.650000 0.580000 0.000010 0.000010 0.000020
0.650000 0.590000 0.000010 0.000010 0.000020
0.650000 0.600000 0.000010 0.000010 0.000020
0.650000 0.610000 0.000010 0.000010 0.000020
0.650000 0.620000 0.000010 0.000010 0.000020
0.650000 0.630000 0.000010 0.000010 0.000020
0.650000 0.640000 0.000010 0.000010 0.000020
0.650000 0.650000 0.000010 0.000010 0.000020
0.650000 0.660000 0.000010 0.000010 0.000020
0.650000 0.670000 0.000010 0.000010 0.000020
0.650000 0.680000 0.000010 0.000010 0.000020
0.650000 0.690000 0.000010 0.000010 0.000020
0.650000 0.700000 0.000010 0.000010 0.000020

0.700000 0.000000 0.022650 0.000010 0.022660
0.700000 0.010000 0.022650 0.000010 0.022660
0.700000 0.020000 0.073300 0.000010 0.073310
0.700000 0.030000 0.087750 0.000010 0.087760
0.700000 0.040000 0.096350 0.000010 0.096360
0.700000 0.050000 0.102950 0.000010 0.102960
0.700000 0.060000 0.098650 0.000010 0.098660
0.700000 0.070000 0.077550 0.000010 0.077560
0.700000 0.080000 0.066300 0.053500 0.119800
0.700000 0.090000 0.066300 0.053500 0.119800
0.700000 0.100000 0.013550 0.048500 0.062050
0.700000 0.110000 0.000010 0.040550 0.040560
0.700000 0.120000 0.000010 0.040050 0.040060
0.700000 0.130000 0.000010 0.023900 0.023910
0.700000 0.140000 0.000010 0.018600 0.018610
0.700000 0.150000 0.000010 0.015250 0.015260
0.700000 0.160000 0.000010 0.012550 0.012560
0.700000 0.170000 0.000010 0.012550 0.012560
0.700000 0.180000 0.000010 0.010650 0.010660
0.700000 0.190000 0.000010 0.009307 0.009317
0.700000 0.200000 0.000010 0.010100 0.010110
0.700000 0.210000 0.000010 0.008350 0.008360
0.700000 0.220000 0.000010 0.008900 0.008910
0.700000 0.230000 0.000010 0.006100 0.006110
0.700000 0.240000 0.000010 0.006050 0.006060
0.700000 0.250000 0.000010 0.005300 0.005310
0.700000 0.260000 0.000010 0.005650 0.005660
0.700000 0.270000 0.000010 0.004807 0.004817
0.700000 0.280000 0.000010 0.004507 0.004517
0.700000 0.290000 0.000010 0.003157 0.003167
0.700000 0.300000 0.000010 0.003307 0.003317
0.700000 0.310000 0.000010 0.003307 0.003317
0.700000 0.320000 0.000010 0.002557 0.002567
0.700000 0.330000 0.000010 0.001207 0.001217
0.700000 0.340000 0.000010 0.000457 0.000467
0.700000 0.350000 0.000010 0.000307 0.000317
0.700000 0.360000 0.000010 0.000500 0.000510
0.700000 0.370000 0.000010 0.000307 0.000317
0.700000 0.380000 0.000010 0.000157 0.000167
0.700000 0.390000 0.000010 0.000010 0.000020
0.700000 0.400000 0.000010 0.000157 0.000167
0.700000 0.410000 0.000010 0.000010 0.000020
0.700000 0.420000 0.000010 0.000157 0.000167
0.700000 0.430000 0.000010 0.000010 0.000020
0.700000 0.440000 0.000010 0.000010 0.000020
0.700000 0.450000 0.000010 0.000157 0.000167
0.700000 0.460000 0.000010 0.000010 0.000020
0.700000 0.470000 0.000010 0.000010 0.000020
0.700000 0.480000 0.000010 0.000157 0.000167
0.700000 0.490000 0.000010 0.000157 0.000167
0.700000 0.500000 0.000010 0.000010 0.000020
0.700000 0.510000 0.000010 0.000010 0.000020
0.700000 0.520000 0.000010 0.000010 0.000020
0.700000 0.530000 0.000010 0.000010 0.000020
0.700000 0.540000 0.000010 0.000010 0.000020
0.700000 0.550000 0.000010 0.000010 0.000020
0.700000 0.560000 0.000010 0.000010 0.000020
0.700000 0.570000 0.000010 0.000010 0.000020
0.700000 0.580000 0.000010 0.000010 0.000020
0.700000 0.590000 0.000010 0.000010 0.000020
0.700000 0.600000 0.000010 0.000010 0.000020
0.700000 0.610000 0.000010 0.000010 0.000020
0.700000 0.620000 0.000010 0.000010 0.000020
0.700000 0.630000 0.000010 0.000010 0.000020
0.700000 0.640000 0.000010 0.000010 0.000020
0.700000 0.650000 0.000010 0.000010 0.000020
0.700000 0.660000 0.000010 0.000010 0.000020
0.700000 0.670000 0.000010 0.000010 0.000020
0.700000 0.680000 0.000010 0.000010 0.000020
0.700000 0.690000 0.000010 0.000010 0.000020
0.700000 0.700000 0.000010 0.000010 0.000020

0.750000 0.000000 0.024125 0.000010 0.024135
0.750000 0.010000 0.024125 0.000010 0.024135
0.750000 0.020000 0.077750 0.000010 0.077760
0.750000 0.030000 0.092125 0.000010 0.092135
0.750000 0.040000 0.100625 0.000010 0.100635
0.750000 0.050000 0.107375 0.000010 0.107385
0.750000 0.060000 0.102875 0.000010 0.102885
0.750000 0.070000 0.079875 0.000010 0.079885
0.750000 0.080000 0.067250 0.053250 0.120500
0.750000 0.090000 0.067250 0.053250 0.120500
0.750000 0.100000 0.013125 0.047750 0.060875
0.750000 0.110000 0.000010 0.039875 0.039885
0.750000 0.120000 0.000010 0.038625 0.038635
0.750000 0.130000 0.000010 0.022250 0.022260
0.750000 0.140000 0.000010 0.017000 0.017010
0.750000 0.150000 0.000010 0.013375 0.013385
0.750000 0.160000 0.000010 0.010625 0.010635
0.750000 0.170000 0.000010 0.011125 0.011135
0.750000 0.180000 0.000010 0.009125 0.009135
0.750000 0.190000 0.000010 0.007757 0.007767
0.750000 0.200000 0.000010 0.008750 0.008760
0.750000 0.210000 0.000010 0.007125 0.007135
0.750000 0.220000 0.000010 0.007500 0.007510
0.750000 0.230000 0.000010 0.005250 0.005260
0.750000 0.240000 0.000010 0.005125 0.005135
0.750000 0.250000 0.000010 0.004500 0.004510
0.750000 0.260000 0.000010 0.004875 0.004885
0.750000 0.270000 0.000010 0.004007 0.004017
0.750000 0.280000 0.000010 0.003757 0.003767
0.750000 0.290000 0.000010 0.002632 0.002642
0.750000 0.300000 0.000010 0.002757 0.002767
0.750000 0.310000 0.000010 0.002757 0.002767
0.750000 0.320000 0.000010 0.002132 0.002142
0.750000 0.330000 0.000010 0.001007 0.001017
0.750000 0.340000 0.000010 0.000382 0.000392
0.750000 0.350000 0.000010 0.000257 0.000267
0.750000 0.360000 0.000010 0.000500 0.000510
0.750000 0.370000 0.000010 0.000257 0.000267
0.750000 0.380000 0.000010 0.000132 0.000142
0.750000 0.390000 0.000010 0.000010 0.000020
0.750000 0.400000 0.000010 0.000132 0.000142
0.750000 0.410000 0.000010 0.000010 0.000020
0.750000 0.420000 0.000010 0.000132 0.000142
0.750000 0.430000 0.000010 0.000010 0.000020
0.750000 0.440000 0.000010 0.000010 0.000020
0.750000 0.450000 0.000010 0.000132 0.000142
0.750000 0.460000 0.000010 0.000010 0.000020
0.750000 0.470000 0.000010 0.000010 0.000020
0.750000 0.480000 0.000010 0.000132 0.000142
0.750000 0.490000 0.000010 0.000132 0.000142
0.750000 0.500000 0.000010 0.000010 0.000020
0.750000 0.510000 0.000010 0.000010 0.000020
0.750000 0.520000 0.000010 0.000010 0.000020
0.750000 0.530000 0.000010 0.000010 0.000020
0.750000 0.540000 0.000010 0.000010 0.000020
0.750000 0.550000 0.000010 0.000010 0.000020
0.750000 0.560000 0.000010 0.000010 0.000020
0.750000 0.570000 0.000010 0.000010 0.000020
0.750000 0.580000 0.000010 0.000010 0.000020
0.750000 0.590000 0.000010 0.000010 0.000020
0.750000 0.600000 0.000010 0.000010 0.000020
0.750000 0.610000 0.000010 0.000010 0.000020
0.750000 0.620000 0.000010 0.000010 0.000020
0.750000 0.630000 0.000010 0.000010 0.000020
0.750000 0.640000 0.000010 0.000010 0.000020
0.750000 0.650000 0.000010 0.000010 0.000020
0.750000 0.660000 0.000010 0.000010 0.000020
0.750000 0.670000 0.000010 0.000010 0.000020
0.750000 0.680000 0.000010 0.000010 0.000020
0.750000 0.690000 0.000010 0.000010 0.000020
0.750000 0.700000 0.000010 0.000010 0.000020

0.800000 0.000000 0.025600 0.000010 0.025610
0.800000 0.010000 0.025600 0.000010 0.025610
0.800000 0.020000 0.082200 0.000010 0.082210
0.800000 0.030000 0.096500 0.000010 0.096510
0.800000 0.040000 0.104900 0.000010 0.104910
0.800000 0.050000 0.111800 0.000010 0.111810
0.800000 0.060000 0.107100 0.000010 0.107110
0.800000 0.070000 0.082200 0.000010 0.082210
0.800000 0.080000 0.068200 0.053000 0.121200
0.800000 0.090000 0.068200 0.053000 0.121200
0.800000 0.100000 0.012700 0.047000 0.059700
0.800000 0.110000 0.000010 0.039200 0.039210
0.800000 0.120000 0.000010 0.037200 0.037210
0.800000 0.130000 0.000010 0.020600 0.020610
0.800000 0.140000 0.000010 0.015400 0.015410
0.800000 0.150000 0.000010 0.011500 0.011510
0.800000 0.160000 0.000010 0.008700 0.008710
0.800000 0.170000 0.000010 0.009700 0.009710
0.800000 0.180000 0.000010 0.007600 0.007610
0.800000 0.190000 0.000010 0.006208 0.006218
0.800000 0.200000 0.000010 0.007400 0.007410
0.800000 0.210000 0.000010 0.005900 0.005910
0.800000 0.220000 0.000010 0.006100 0.006110
0.800000 0.230000 0.000010 0.004400 0.004410
0.800000 0.240000 0.000010 0.004200 0.004210
0.800000 0.250000 0.000010 0.003700 0.003710
0.800000 0.260000 0.000010 0.004100 0.004110
0.800000 0.270000 0.000010 0.003208 0.003218
0.800000 0.280000 0.000010 0.003008 0.003018
0.800000 0.290000 0.000010 0.002108 0.002118
0.800000 0.300000 0.000010 0.002208 0.002218
0.800000 0.310000 0.000010 0.002208 0.002218
0.800000 0.320000 0.000010 0.001708 0.001718
0.800000 0.330000 0.000010 0.000808 0.000818
0.800000 0.340000 0.000010 0.000308 0.000318
0.800000 0.350000 0.000010 0.000208 0.000218
0.800000 0.360000 0.000010 0.000500 0.000510
0.800000 0.370000 0.000010 0.000208 0.000218
0.800000 0.380000 0.000010 0.000108 0.000118
0.800000 0.390000 0.000010 0.000010 0.000020
0.800000 0.400000 0.000010 0.000108 0.000118
0.800000 0.410000 0.000010 0.000010 0.000020
0.800000 0.420000 0.000010 0.000108 0.000118
0.800000 0.430000 0.000010 0.000010 0.000020
0.800000 0.440000 0.000010 0.000010 0.000020
0.800000 0.450000 0.000010 0.000108 0.000118
0.800000 0.460000 0.000010 0.000010 0.000020
0.800000 0.470000 0.000010 0.000010 0.000020
0.800000 0.480000 0.000010 0.000108 0.000118
0.800000 0.490000 0.000010 0.000108 0.000118
0.800000 0.500000 0.000010 0.000010 0.000020
0.800000 0.510000 0.000010 0.000010 0.000020
0.800000 0.520000 0.000010 0.000010 0.000020
0.800000 0.530000 0.000010 0.000010 0.000020
0.800000 0.540000 0.000010 0.000010 0.000020
0.800000 0.550000 0.000010 0.000010 0.000020
0.800000 0.560000 0.000010 0.000010 0.000020
0.800000 0.570000 0.000010 0.000010 0.000020
0.800000 0.580000 0.000010 0.000010 0.000020
0.800000 0.590000 0.000010 0.000010 0.000020
0.800000 0.600000 0.000010 0.000010 0.000020
0.800000 0.610000 0.000010 0.000010 0.000020
0.800000 0.620000 0.000010 0.000010 0.000020
0.800000 0.630000 0.000010 0.000010 0.000020
0.800000 0.640000 0.000010 0.000010 0.000020
0.800000 0.650000 0.000010 0.000010 0.000020
0.800000 0.660000 0.000010 0.000010 0.000020
0.800000 0.670000 0.000010 0.000010 0.000020
0.800000 0.680000 0.000010 0.000010 0.000020
0.800000 0.690000 0.000010 0.000010 0.000020
0.800000 0.700000 0.000010 0.000010 0.000020

0.850000 0.000000 0.027075 0.000010 0.027085
0.850000 0.010000 0.027075 0.000010 0.027085
0.850000 0.020000 0.086650 0.000010 0.086660
0.850000 0.030000 0.100875 0.000010 0.100885
0.850000 0.040000 0.109175 0.000010 0.109185
0.850000 0.050000 0.116225 0.000010 0.116235
0.850000 0.060000 0.111325 0.000010 0.111335
0.850000 0.070000 0.084525 0.000010 0.084535
0.850000 0.080000 0.069150 0.052750 0.121900
0.850000 0.090000 0.069150 0.052750 0.121900
0.850000 0.100000 0.012275 0.046250 0.058525
0.850000 0.110000 0.000010 0.038525 0.038535
0.850000 0.120000 0.000010 0.035775 0.035785
0.850000 0.130000 0.000010 0.018950 0.018960
0.850000 0.140000 0.000010 0.013800 0.013810
0.850000 0.150000 0.000010 0.009625 0.009635
0.850000 0.160000 0.000010 0.006775 0.006785
0.850000 0.170000 0.000010 0.008275 0.008285
0.850000 0.180000 0.000010 0.006075 0.006085
0.850000 0.190000 0.000010 0.004658 0.004668
0.850000 0.200000 0.000010 0.006050 0.006060
0.850000 0.210000 0.000010 0.004675 0.004685
0.850000 0.220000 0.000010 0.004700 0.004710
0.850000 0.230000 0.000010 0.003550 0.003560
0.850000 0.240000 0.000010 0.003275 0.003285
0.850000 0.250000 0.000010 0.002900 0.002910
0.850000 0.260000 0.000010 0.003325 0.003335
0.850000 0.270000 0.000010 0.002408 0.002418
0.850000 0.280000 0.000010 0.002258 0.002268
0.850000 0.290000 0.000010 0.001583 0.001593
0.850000 0.300000 0.000010 0.001658 0.001668
0.850000 0.310000 0.000010 0.001658 0.001668
0.850000 0.320000 0.000010 0.001283 0.001293
0.850000 0.330000 0.000010 0.000608 0.000618
0.850000 0.340000 0.000010 0.000233 0.000243
0.850000 0.350000 0.000010 0.000158 0.000168
0.850000 0.360000 0.000010 0.000500 0.000510
0.850000 0.370000 0.000010 0.000158 0.000168
0.850000 0.380000 0.000010 0.000083 0.000093
0.850000 0.390000 0.000010 0.000010 0.000020
0.850000 0.400000 0.000010 0.000083 0.000093
0.850000 0.410000 0.000010 0.000010 0.000020
0.850000 0.420000 0.000010 0.000083 0.000093
0.850000 0.430000 0.000010 0.000010 0.000020
0.850000 0.440000 0.000010 0.000010 0.000020
0.850000 0.450000 0.000010 0.000083 0.000093
0.850000 0.460000 0.000010 0.000010 0.000020
0.850000 0.470000 0.000010 0.000010 0.000020
0.850000 0.480000 0.000010 0.000083 0.000093
0.850000 0.490000 0.000010 0.000083 0.000093
0.850000 0.500000 0.000010 0.000010 0.000020
0.850000 0.510000 0.000010 0.000010 0.000020
0.850000 0.520000 0.000010 0.000010 0.000020
0.850000 0.530000 0.000010 0.000010 0.000020
0.850000 0.540000 0.000010 0.000010 0.000020
0.850000 0.550000 0.000010 0.000010 0.000020
0.850000 0.560000 0.000010 0.000010 0.000020
0.850000 0.570000 0.000010 0.000010 0.000020
0.850000 0.580000 0.000010 0.000010 0.000020
0.850000 0.590000 0.000010 0.000010 0.000020
0.850000 0.600000 0.000010 0.000010 0.000020
0.850000 0.610000 0.000010 0.000010 0.000020
0.850000 0.620000 0.000010 0.000010 0.000020
0.850000 0.630000 0.000010 0.000010 0.000020
0.850000 0.640000 0.000010 0.000010 0.000020
0.850000 0.650000 0.000010 0.000010 0.000020
0.850000 0.660000 0.000010 0.000010 0.000020
0.850000 0.670000 0.000010 0.000010 0.000020
0.850000 0.680000 0.000010 0.000010 0.000020
0.850000 0.690000 0.000010 0.000010 0.000020
0.850000 0.700000 0.000010 0.000010 0.000020

0.900000 0.000000 0.028550 0.000010 0.028560
0.900000 0.010000 0.028550 0.000010 0.028560
0.900000 0.020000 0.091100 0.000010 0.091110
0.900000 0.030000 0.105250 0.000010 0.105260
0.900000 0.040000 0.113450 0.000010 0.113460
0.900000 0.050000 0.120650 0.000010 0.120660
0.900000 0.060000 0.115550 0.000010 0.115560
0.900000 0.070000 0.086850 0.000010 0.086860
0.900000 0.080000 0.070100 0.052500 0.122600
0.900000 0.090000 0.070100 0.052500 0.122600
0.900000 0.100000 0.011850 0.045500 0.057350
0.900000 0.110000 0.000010 0.037850 0.037860
0.900000 0.120000 0.000010 0.034350 0.034360
0.900000 0.130000 0.000010 0.017300 0.017310
0.900000 0.140000 0.000010 0.012200 0.012210
0.900000 0.150000 0.000010 0.007750 0.007760
0.900000 0.160000 0.000010 0.004850 0.004860
0.900000 0.170000 0.000010 0.006850 0.006860
0.900000 0.180000 0.000010 0.004550 0.004560
0.900000 0.190000 0.000010 0.003109 0.003119
0.900000 0.200000 0.000010 0.004700 0.004710
0.900000 0.210000 0.000010 0.003450 0.003460
0.900000 0.220000 0.000010 0.003300 0.003310
0.900000 0.230000 0.000010 0.002700 0.002710
0.900000 0.240000 0.000010 0.002350 0.002360
0.900000 0.250000 0.000010 0.002100 0.002110
0.900000 0.260000 0.000010 0.002550 0.002560
0.900000 0.270000 0.000010 0.001609 0.001619
0.900000 0.280000 0.000010 0.001509 0.001519
0.900000 0.290000 0.000010 0.001059 0.001069
0.900000 0.300000 0.000010 0.001109 0.001119
0.900000 0.310000 0.000010 0.001109 0.001119
0.900000 0.320000 0.000010 0.000859 0.000869
0.900000 0.330000 0.000010 0.000409 0.000419
0.900000 0.340000 0.000010 0.000159 0.000169
0.900000 0.350000 0.000010 0.000109 0.000119
0.900000 0.360000 0.000010 0.000500 0.000510
0.900000 0.370000 0.000010 0.000109 0.000119
0.900000 0.380000 0.000010 0.000059 0.000069
0.900000 0.390000 0.000010 0.000010 0.000020
0.900000 0.400000 0.000010 0.000059 0.000069
0.900000 0.410000 0.000010 0.000010 0.000020
0.900000 0.420000 0.000010 0.000059 0.000069
0.900000 0.430000 0.000010 0.000010 0.000020
0.900000 0.440000 0.000010 0.000010 0.000020
0.900000 0.450000 0.000010 0.000059 0.000069
0.900000 0.460000 0.000010 0.000010 0.000020
0.900000 0.470000 0.000010 0.000010 0.000020
0.900000 0.480000 0.000010 0.000059 0.000069
0.900000 0.490000 0.000010 0.000059 0.000069
0.900000 0.500000 0.000010 0.000010 0.000020
0.900000 0.510000 0.000010 0.000010 0.000020
0.900000 0.520000 0.000010 0.000010 0.000020
0.900000 0.530000 0.000010 0.000010 0.000020
0.900000 0.540000 0.000010 0.000010 0.000020
0.900000 0.550000 0.000010 0.000010 0.000020
0.900000 0.560000 0.000010 0.000010 0.000020
0.900000 0.570000 0.000010 0.000010 0.000020
0.900000 0.580000 0.000010 0.000010 0.000020
0.900000 0.590000 0.000010 0.000010 0.000020
0.900000 0.600000 0.000010 0.000010 0.000020
0.900000 0.610000 0.000010 0.000010 0.000020
0.900000 0.620000 0.000010 0.000010 0.000020
0.900000 0.630000 0.000010 0.000010 0.000020
0.900000 0.640000 0.000010 0.000010 0.000020
0.900000 0.650000 0.000010 0.000010 0.000020
0.900000 0.660000 0.000010 0.000010 0.000020
0.900000 0.670000 0.000010 0.000010 0.000020
0.900000 0.680000 0.000010 0.000010 0.000020
0.900000 0.690000 0.000010 0.000010 0.000020
0.900000 0.700000 0.000010 0.000010 0.000020

0.950000 0.000000 0.030025 0.000010 0.030035
0.950000 0.010000 0.030025 0.000010 0.030035
0.950000 0.020000 0.095550 0.000010 0.095560
0.950000 0.030000 0.109625 0.000010 0.109635
0.950000 0.040000 0.117725 0.000010 0.117735
0.950000 0.050000 0.125075 0.000010 0.125085
0.950000 0.060000 0.119775 0.000010 0.119785
0.950000 0.070000 0.089175 0.000010 0.089185
0.950000 0.080000 0.071050 0.052250 0.123300
0.950000 0.090000 0.071050 0.052250 0.123300
0.950000 0.100000 0.011425 0.044750 0.056175
0.950000 0.110000 0.000010 0.037175 0.037185
0.950000 0.120000 0.000010 0.032925 0.032935
0.950000 0.130000 0.000010 0.015650 0.015660
0.950000 0.140000 0.000010 0.010600 0.010610
0.950000 0.150000 0.000010 0.005875 0.005885
0.950000 0.160000 0.000010 0.002925 0.002935
0.950000 0.170000 0.000010 0.005425 0.005435
0.950000 0.180000 0.000010 0.003025 0.003035
0.950000 0.190000 0.000010 0.001559 0.001569
0.950000 0.200000 0.000010 0.003350 0.003360
0.950000 0.210000 0.000010 0.002225 0.002235
0.950000 0.220000 0.000010 0.001900 0.001910
0.950000 0.230000 0.000010 0.001850 0.001860
0.950000 0.240000 0.000010 0.001425 0.001435
0.950000 0.250000 0.000010 0.001300 0.001310
0.950000 0.260000 0.000010 0.001775 0.001785
0.950000 0.270000 0.000010 0.000809 0.000819
0.950000 0.280000 0.000010 0.000759 0.000769
0.950000 0.290000 0.000010 0.000534 0.000544
0.950000 0.300000 0.000010 0.000559 0.000569
0.950000 0.310000 0.000010 0.000559 0.000569
0.950000 0.320000 0.000010 0.000434 0.000444
0.950000 0.330000 0.000010 0.000209 0.000219
0.950000 0.340000 0.000010 0.000084 0.000094
0.950000 0.350000 0.000010 0.000059 0.000069
0.950000 0.360000 0.000010 0.000500 0.000510
0.950000 0.370000 0.000010 0.000059 0.000069
0.950000 0.380000 0.000010 0.000034 0.000044
0.950000 0.390000 0.000010 0.000010 0.000020
0.950000 0.400000 0.000010 0.000034 0.000044
0.950000 0.410000 0.000010 0.000010 0.000020
0.950000 0.420000 0.000010 0.000034 0.000044
0.950000 0.430000 0.000010 0.000010 0.000020
0.950000 0.440000 0.000010 0.000010 0.000020
0.950000 0.450000 0.000010 0.000034 0.000044
0.950000 0.460000 0.000010 0.000010 0.000020
0.950000 0.470000 0.000010 0.000010 0.000020
0.950000 0.480000 0.000010 0.000034 0.000044
0.950000 0.490000 0.000010 0.000034 0.000044
0.950000 0.500000 0.000010 0.000010 0.000020
0.950000 0.510000 0.000010 0.000010 0.000020
0.950000 0.520000 0.000010 0.000010 0.000020
0.950000 0.530000 0.000010 0.000010 0.000020
0.950000 0.540000 0.000010 0.000010 0.000020
0.950000 0.550000 0.000010 0.000010 0.000020
0.950000 0.560000 0.000010 0.000010 0.000020
0.950000 0.570000 0.000010 0.000010 0.000020
0.950000 0.580000 0.000010 0.000010 0.000020
0.950000 0.590000 0.000010 0.000010 0.000020
0.950000 0.600000 0.000010 0.000010 0.000020
0.950000 0.610000 0.000010 0.000010 0.000020
0.950000 0.620000 0.000010 0.000010 0.000020
0.950000 0.630000 0.000010 0.000010 0.000020
0.950000 0.640000 0.000010 0.000010 0.000020
0.950000 0.650000 0.000010 0.000010 0.000020
0.950000 0.660000 0.000010 0.000010 0.000020
0.950000 0.670000 0.000010 0.000010 0.000020
0.950000 0.680000 0.000010 0.000010 0.000020
0.950000 0.690000 0.000010 0.000010 0.000020
0.950000 0.700000 0.000010 0.000010 0.000020

1.000000 0.000000 0.031500 0.000010 0.031510
1.000000 0.010000 0.031500 0.000010 0.031510
1.000000 0.020000 0.100000 0.000010 0.100010
1.000000 0.030000 0.114000 0.000010 0.114010
1.000000 0.040000 0.122000 0.000010 0.122010
1.000000 0.050000 0.129500 0.000010 0.129510
1.000000 0.060000 0.124000 0.000010 0.124010
1.000000 0.070000 0.091500 0.000010 0.091510
1.000000 0.080000 0.072000 0.052000 0.124000
1.000000 0.090000 0.072000 0.052000 0.124000
1.000000 0.100000 0.011000 0.044000 0.055000
1.000000 0.110000 0.000010 0.036500 0.036510
1.000000 0.120000 0.000010 0.031500 0.031510
1.000000 0.130000 0.000010 0.014000 0.014010
1.000000 0.140000 0.000010 0.009000 0.009010
1.000000 0.150000 0.000010 0.004000 0.004010
1.000000 0.160000 0.000010 0.001000 0.001010
1.000000 0.170000 0.000010 0.004000 0.004010
1.000000 0.180000 0.000010 0.001500 0.001510
1.000000 0.190000 0.000010 0.000010 0.000020
1.000000 0.200000 0.000010 0.002000 0.002010
1.000000 0.210000 0.000010 0.001000 0.001010
1.000000 0.220000 0.000010 0.000500 0.000510
1.000000 0.230000 0.000010 0.001000 0.001010
1.000000 0.240000 0.000010 0.000500 0.000510
1.000000 0.250000 0.000010 0.000500 0.000510
1.000000 0.260000 0.000010 0.001000 0.001010
1.000000 0.270000 0.000010 0.000010 0.000020
1.000000 0.280000 0.000010 0.000010 0.000020
1.000000 0.290000 0.000010 0.000010 0.000020
1.000000 0.300000 0.000010 0.000010 0.000020
1.000000 0.310000 0.000010 0.000010 0.000020
1.000000 0.320000 0.000010 0.000010 0.000020
1.000000 0.330000 0.000010 0.000010 0.000020
1.000000 0.340000 0.000010 0.000010 0.000020
1.000000 0.350000 0.000010 0.000010 0.000020
1.000000 0.360000 0.000010 0.000500 0.000510
1.000000 0.370000 0.000010 0.000010 0.000020
1.000000 0.380000 0.000010 0.000010 0.000020
1.000000 0.390000 0.000010 0.000010 0.000020
1.000000 0.400000 0.000010 0.000010 0.000020
1.000000 0.410000 0.000010 0.000010 0.000020
1.000000 0.420000 0.000010 0.000010 0.000020
1.000000 0.430000 0.000010 0.000010 0.000020
1.000000 0.440000 0.000010 0.000010 0.000020
1.000000 0.450000 0.000010 0.000010 0.000020
1.000000 0.460000 0.000010 0.000010 0.000020
1.000000 0.470000 0.000010 0.000010 0.000020
1.000000 0.480000 0.000010 0.000010 0.000020
1.000000 0.490000 0.000010 0.000010 0.000020
1.000000 0.500000 0.000010 0.000010 0.000020
1.000000 0.510000 0.000010 0.000010 0.000020
1.000000 0.520000 0.000010 0.000010 0.000020
1.000000 0.530000 0.000010 0.000010 0.000020
1.000000 0.540000 0.000010 0.000010 0.000020
1.000000 0.550000 0.000010 0.000010 0.000020
1.000000 0.560000 0.000010 0.000010 0.000020
1.000000 0.570000 0.000010 0.000010 0.000020
1.000000 0.580000 0.000010 0.000010 0.000020
1.000000 0.590000 0.000010 0.000010 0.000020
1.000000 0.600000 0.000010 0.000010 0.000020
1.000000 0.610000 0.000010 0.000010 0.000020
1.000000 0.620000 0.000010 0.000010 0.000020
1.000000 0.630000 0.000010 0.000010 0.000020
1.000000 0.640000 0.000010 0.000010 0.000020
1.000000 0.650000 0.000010 0.000010 0.000020
1.000000 0.660000 0.000010 0.000010 0.000020
1.000000 0.670000 0.000010 0.000010 0.000020
1.000000 0.680000 0.000010 0.000010 0.000020
1.000000 0.690000 0.000010 0.000010 0.000020
1.000000 0.700000 0.000010 0.000010 0.000020

