0.049784
0.060702
0.034245
0.069292
0.153230
0.026047
0.058300
0.186565
0.066779
0.085525
0.040417
0.117182
0.096402
0.099665
0.065605
0.103741
0.132240
0.066001
0.060005
0.048931
0.035528
0.046277
0.024578
0.079526
0.049953
0.071910
0.068024
0.113028
0.039390
0.024990
0.038186
0.048796
0.035857
0.060878
0.025180
0.017582
0.045985
0.028833
0.016917
0.078952
0.064761
0.051741
0.045676
0.054860
0.034843
0.044027
0.087954
0.115410
0.084859
0.059044
0.016041
0.083077
0.067002
0.087557
0.052022
0.115976
0.046015
0.031543
0.073310
0.078922
0.016056
0.030860
0.061217
0.090914
0.054754
0.044265
0.176212
0.054589
0.040580
0.119325
0.120356
0.027650
0.074850
0.108690
0.037953
0.033200
0.053455
0.104120
0.070396
0.085679
0.038062
0.031910
0.108741
0.065245
0.056216
0.062346
0.118798
0.030844
0.053527
0.073127
0.029700
0.057381
0.093934
0.030684
0.079578
0.086530
0.052728
0.024752
0.059452
0.049944
0.054874
0.047964
0.141404
0.072520
0.078471
0.043123
0.076964
0.038344
0.065829
0.091545
0.048604
0.221420
0.032904
0.008557
0.079824
0.066548
0.044764
0.049131
0.079337
0.039803
0.017835
0.093454
0.020148
0.061515
0.056816
0.091582
0.027324
0.025360
0.085485
0.056300
0.038539
0.056285
0.029980
0.052940
0.034630
0.045713
0.022248
0.052249
0.059080
0.087345
0.035018
0.019417
0.053561
0.085416
0.018466
0.057398
0.091094
0.045142
0.067157
0.065010
0.043287
0.024468
0.050740
0.058326
0.064162
0.081899
0.047966
0.017150
0.033721
0.066651
0.077983
0.052842
0.052266
0.118450
0.092294
0.035531
0.098961
0.082312
0.027845
0.081104
0.079991
0.020314
0.070167
0.018453
0.043975
0.066339
0.091955
0.092776
0.025347
0.160619
0.031767
0.041878
0.046960
0.031684
0.047974
0.060340
0.042376
0.051350
0.015942
0.114942
0.087363
0.040149
0.015762
0.066392
0.014180
0.029014
0.087325
0.129204
0.065045
0.030825
0.242729
0.071730
0.038612
0.045679
0.116798
0.013352
0.035355
0.056058
0.089132
0.052462
0.064264
0.008759
0.063831
0.051925
0.022638
0.116278
0.060684
0.053741
0.042188
0.082518
0.021878
0.073728
0.132717
0.032441
0.110109
0.055935
0.078950
0.026049
0.026453
0.119083
0.086097
0.071833
0.054978
0.020860
0.059343
0.030851
0.066018
0.064544
0.032532
0.070363
0.055721
0.072303
0.111096
0.077991
0.127874
0.085582
0.067495
0.050150
0.103037
0.085621
0.075947
0.085526
0.080102
0.123900
0.020706
0.020628
0.122253
0.094834
0.067084
0.035271
0.065656
0.089149
0.082094
0.053589
0.027210
0.136910
0.028266
0.054810
0.025061
0.052713
0.097296
0.149363
0.040657
0.037156
0.106327
0.048214
0.024005
0.027672
0.060552
0.018649
0.052960
0.054873
0.042158
0.062700
0.055052
0.020009
0.027076
0.130288
0.075920
0.049356
0.028820
0.018908
0.069216
0.022191
0.042205
0.057151
0.051776
0.045135
0.080175
0.079832
0.046067
0.043071
0.038363
0.016043
0.058409
0.043977
0.055828
0.065243
0.121454
0.061286
0.025569
0.090652
0.089069
0.063241
0.063027
0.037743
0.072311
0.033811
0.177762
0.040514
0.075391
0.066598
0.122235
0.084959
0.033111
0.037330
0.072681
0.017898
0.017540
0.057317
0.040457
0.032137
0.015208
0.017927
0.029750
0.037509
0.080819
0.071916
0.080495
0.118573
0.060601
0.057492
0.012920
0.023219
0.116176
0.047425
0.075596
0.021570
0.049425
0.081600
0.020627
0.061591
0.080430
0.075754
0.058704
0.076029
0.066901
0.014087
0.039387
0.076996
0.093366
0.053427
0.030620
0.082414
0.070599
0.086263
0.074246
0.042451
0.106658
0.059805
0.076502
0.014461
0.030394
0.035748
0.051799
0.084566
0.096493
0.094653
0.106568
0.022673
0.056418
0.136362
0.106572
0.048861
0.041184
0.076222
0.098480
0.089681
0.092238
0.071899
0.119496
0.132920
0.079778
0.063311
0.076811
0.022731
0.126339
0.054421
0.077660
0.108466
0.015865
0.059546
0.051989
0.138917
0.045492
0.114993
0.128518
0.116094
0.210907
0.102775
0.063505
0.066740
0.094904
0.012066
0.055559
0.124165
0.039944
0.095851
0.053358
0.053042
0.027245
0.098018
0.063598
0.037844
0.032451
0.020973
0.061424
0.035912
0.035037
0.047162
0.046999
0.108988
0.042161
0.050047
0.044582
0.029630
0.072523
0.121294
0.066235
0.088224
0.129654
0.059598
0.021487
0.021737
0.076668
0.064259
0.069737
0.088056
0.060887
0.132144
0.044184
0.032791
0.041995
0.050933
0.031039
0.028599
0.029158
0.063976
0.050925
0.030582
0.117614
0.066351
0.044522
0.106827
0.043897
0.040390
0.060958
0.025116
0.074382
0.024782
0.037640
0.099453
0.021647
0.040541
0.029880
0.047646
0.086847
0.081033
0.035734
0.042146
0.037357
0.117576
0.052308
0.066807
0.055028
0.095693
0.012868
0.043978
0.016420
0.029279
0.034135
0.027428
0.033258
0.044297
0.046531
0.046549
0.066181
0.051451
0.077632
0.068979
0.055633
0.106946
0.025258
0.033667
0.064070
0.012795
0.048296
0.093394
0.106705
0.036298
0.085481
0.029682
0.027107
0.087650
0.058992
0.044397
0.139006
0.052840
0.067123
0.016870
0.059712
0.046855
0.051873
0.126547
0.073240
0.124237
0.026507
0.065671
0.054847
0.047687
0.039700
0.029759
0.059261
0.023271
0.075698
0.048457
0.076306
0.053124
0.017301
0.037889
0.052138
0.092319
0.087029
0.044514
0.103188
0.063949
0.058701
0.083043
0.039513
0.046649
0.065911
0.099015
0.093996
0.030295
0.044278
0.050046
0.111019
0.029953
0.107502
0.070128
0.041230
0.109157
0.127449
0.037322
0.051146
0.090610
0.038963
0.117655
0.030787
0.032213
0.031179
0.057433
0.065939
0.011891
0.064354
0.068843
0.053691
0.042856
0.070864
0.050869
0.150426
0.045139
0.080389
0.039888
0.102612
0.036445
0.042591
0.046929
0.031628
0.038745
0.058415
0.114958
0.085434
0.050648
0.055856
0.020131
0.029695
0.159112
0.097687
0.040620
0.080973
0.026204
0.061880
0.038825
0.027084
0.016549
0.036697
0.050224
0.069876
0.020084
0.089875
0.037716
0.092715
0.071690
0.057937
0.056539
0.076350
0.107641
0.040440
0.031976
0.146438
0.026763
0.060572
0.100906
0.048110
0.054678
0.065328
0.069603
0.063818
0.033542
0.022664
0.028501
0.067391
0.055318
0.113153
0.043021
0.087631
0.038257
0.048899
0.061404
0.078007
0.052854
0.024014
0.030513
0.079019
0.022279
0.074388
0.025587
0.061029
0.046715
0.044083
0.061397
0.022762
0.084793
0.099079
0.033395
0.061352
0.037449
0.093881
0.122803
0.034070
0.105364
0.259818
0.072795
0.058799
0.050842
0.035203
0.073640
0.122787
0.095788
0.071093
0.071090
0.066899
0.067220
0.040628
0.057904
0.029841
0.077401
0.068286
0.096300
0.120849
0.062342
0.026726
0.089971
0.168860
0.058158
0.050487
0.031414
0.124560
0.209759
0.113023
0.046670
0.086410
0.087188
0.136929
0.074431
0.111127
0.025295
0.052099
0.032902
0.064433
0.020234
0.135115
0.053321
0.071103
0.029178
0.103043
0.050452
0.015688
0.071692
0.039616
0.099749
0.034710
0.040314
0.028178
0.070249
0.030231
0.086710
0.049556
0.041377
0.087312
0.018220
0.042731
0.020555
0.045605
0.032869
0.018437
0.041955
0.133018
0.021880
0.079587
0.063071
0.035360
0.028052
0.024977
0.087188
0.107875
0.089583
0.038867
0.047936
0.043363
0.066342
0.023175
0.131665
0.045107
0.034366
0.105648
0.103267
0.014135
0.066413
0.045124
0.033020
0.013867
0.027736
0.024850
0.077863
0.127327
0.103619
0.100464
0.069617
0.033996
0.107117
0.059053
0.040627
0.019634
0.011770
0.029195
0.039334
0.066218
0.070665
0.033488
0.107385
0.021369
0.120259
0.038258
0.039916
0.111600
0.075371
0.018690
0.032591
0.151893
0.047176
0.030806
0.043220
0.076414
0.130990
0.067669
0.026482
0.051147
0.046157
0.129644
0.052155
0.118452
0.138998
0.042455
0.057548
0.040215
0.050591
0.026123
0.057698
0.122717
0.021347
0.026880
0.035634
0.008261
0.027053
0.032572
0.049053
0.027331
0.028312
0.038025
0.066595
0.048409
0.037568
0.009943
0.011964
0.064653
0.019491
0.035930
0.093274
0.034454
0.104523
0.073571
0.106516
0.041416
0.062826
0.040860
0.123405
0.050324
0.041011
0.019287
0.174265
0.081063
0.014948
0.077648
0.055205
0.093819
0.018696
0.048380
0.036251
0.056694
0.055051
0.062618
0.022543
0.030708
0.113143
0.014242
0.023098
0.070617
0.062450
0.046901
0.116941
0.038640
0.015078
0.138791
0.095548
0.062702
0.087415
0.054047
0.106020
0.056151
0.019419
0.043215
0.056133
0.020250
0.057623
0.088484
0.078175
0.087012
0.048455
0.203443
0.028009
0.068144
0.083606
0.032768
0.033365
0.104701
0.093638
0.094472
0.095808
0.034607
0.065890
0.036124
0.056862
0.027371
0.046499
0.091562
0.083599
0.048011
0.256186
0.016133
0.044344
0.089593
0.087019
0.042137
0.078718
0.063062
0.029204
0.156059
0.057687
0.020090
0.047983
0.044920
0.083221
0.097656
0.021489
0.053575
0.061348
0.055252
0.180283
0.030213
0.073507
0.072710
0.063340
0.007153
0.034393
0.042228
0.118972
0.043131
0.089136
0.050700
0.088760
0.105983
0.046856
0.094486
0.055746
0.103901
0.056092
0.046096
0.035801
0.047818
0.061707
0.069463
0.132111
0.059144
0.125864
0.072613
0.052570
0.022017
0.030964
0.101183
0.020760
0.144048
0.017250
0.093985
0.071220
0.062069
0.081341
0.118990
0.079527
0.036314
0.066512
0.098445
0.032741
0.060156
0.077596
0.065728
0.075022
0.062740
0.031674
0.137544
0.044210
0.077017
0.105380
0.022472
0.031387
0.110655
0.030519
0.029543
0.055816
0.058355
0.017714
0.065377
0.073090
0.076288
0.020047
0.041322
0.089789
0.094474
0.042572
0.066456
0.030762
0.040525
0.055331
0.060815
0.052096
0.020622
0.053749
0.049850
0.102105
0.116964
0.062494
0.020159
0.069203
0.020886
0.040192
0.078620
0.030897
0.023310
0.066281
0.053615
0.025703
0.039629
0.033039
0.056490
0.094179
0.082551
0.088640
0.038529
0.055164
0.125435
0.030418
0.079194
0.096866
0.073080
0.060664
0.067774
0.038978
0.043357
0.059776
0.058934
0.124123
0.007497
0.077891
0.058346
0.085777
0.113504
0.017641
0.070444
0.044831
0.021169
0.040989
0.021932
0.103984
0.069612
0.043515
0.069895
0.018324
0.028621
0.099861
0.125988
0.036401
0.168742
0.030421
0.039251
0.032128
0.109118
0.037419
0.118557
0.057884
0.063821
0.036105
0.026854
0.067704
0.033411
0.038677
0.106534
0.049970
0.040503
0.044060
0.077970
0.122477
0.040430
0.057717
0.116185
0.028492
0.025569
0.053053
0.067138
0.048862
0.126146
0.021891
0.016178
0.032552
0.093156
0.022894
0.060074
0.072377
0.146428
0.044434
0.018255
0.062029
0.023562
0.020493
0.023651
0.019547
0.070634
0.091211
0.105688
0.098099
0.120377
0.083709
0.075772
0.045388
0.096361
0.026531
0.064015
0.053037
0.015511
0.073899
0.028859
0.040813
0.114847
0.068654
0.125101
0.121693
0.101614
0.094181
0.058709
0.036778
0.058115
0.049684
0.013219
0.028357
0.116107
0.062778
0.079158
0.030261
0.048160
0.018085
0.093202
0.021764
0.058760
0.027937
0.098752
0.024672
0.066881
0.047593
0.061868
0.062033
0.018464
0.067974
0.100890
0.025919
0.107387
0.068843
0.077259
0.037542
0.059488
0.067594
0.051202
0.019234
0.083388
0.043499
0.068212
0.205301
0.124804
0.043826
0.054798
0.018540
0.086759
0.110412
0.080290
0.104986
0.088833
0.076017
0.115842
0.025728
0.012313
0.067829
0.083730
0.069912
0.054708
0.103071
0.053746
0.062720
0.061091
0.082335
0.111154
0.032881
0.093460
0.110889
0.072178
0.089732
0.047293
0.073545
0.064561
0.047186
0.034396
0.125565
0.076133
0.116026
0.111600
0.039803
0.041226
0.044638
0.009063
0.066612
0.040767
0.093780
0.142056
0.038925
0.037095
0.022654
0.045445
0.092401
0.086976
0.090489
0.090246
0.019092
0.062460
0.026010
0.041237
0.040131
0.051780
0.058591
0.033485
0.073395
0.061385
0.025838
0.051450
0.085262
0.076226
0.108174
0.026510
0.064945
0.042605
0.040071
0.058649
0.048923
0.061908
0.056734
0.057271
0.074261
0.052349
0.074838
0.048361
0.043597
0.037149
0.089232
0.121716
0.045855
0.075208
0.045837
0.017589
0.041730
0.044939
0.083468
0.036707
0.067644
0.027920
0.091876
0.063099
0.075864
0.090628
0.050435
0.038506
0.061528
0.062128
0.116196
0.037480
0.086924
0.075281
0.040577
0.122355
0.105430
0.073052
0.083831
0.097425
0.067077
0.103541
0.044736
0.036398
0.088295
0.047104
0.041966
0.025455
0.046625
0.042824
0.046047
0.233876
0.067538
0.029358
0.032699
0.078026
0.077688
0.054748
0.090841
0.093265
0.080258
0.127475
0.055111
0.044323
0.075994
0.064200
0.063337
0.063598
0.050617
0.058989
0.041256
0.099260
0.202720
0.085169
0.070942
0.073350
0.062324
0.011891
0.066465
0.060392
0.143174
0.050093
0.057743
0.030157
0.051270
0.063626
0.046785
0.056374
0.111443
0.097932
0.070277
0.065197
0.059099
0.065983
0.067711
0.077267
0.030784
0.114332
0.091295
0.069436
0.072661
0.090192
0.081933
0.143580
0.099795
0.016355
0.027434
0.043212
0.048513
0.058416
0.038047
0.033989
0.027867
0.018879
0.093964
0.053508
0.030157
0.027073
0.058120
0.056327
0.049064
0.070718
0.051742
0.035215
0.065326
0.027195
0.066716
0.045874
0.033635
0.066602
0.048466
0.091468
0.024940
0.030906
0.066669
0.057250
0.022470
0.033411
0.115577
0.070444
0.056855
0.038923
0.033464
0.033321
0.038314
0.021564
0.021751
0.084106
0.054444
0.025476
0.066366
0.039855
0.048557
0.012498
0.085908
0.057927
0.064687
0.099359
0.052537
0.106934
0.018510
0.047053
0.144578
0.015687
0.029389
0.093509
0.075246
0.103443
0.016929
0.050466
0.059513
0.049438
0.058463
0.071296
0.051258
0.055974
0.049806
0.177854
0.061552
0.067910
0.075651
0.056931
0.047827
0.023052
0.015936
0.061839
0.104491
0.063268
0.063205
0.032069
0.090613
0.080720
0.026404
0.020065
0.031292
0.044040
0.022692
0.022264
0.123893
0.071258
0.013109
0.030895
0.067933
0.016716
0.049703
0.022909
0.049024
0.076272
0.052201
0.074746
0.042024
0.044836
0.069147
0.045809
0.064361
0.119508
0.016857
0.047742
0.067163
0.056757
0.058894
0.021471
0.071005
0.073642
0.048843
0.074615
0.105618
0.031946
0.077010
0.121028
0.077505
0.073754
0.054046
0.052612
0.024864
0.126858
0.051276
0.103557
0.080150
0.098356
0.066368
0.012118
0.109006
0.132059
0.107279
0.099981
0.017942
0.042059
0.019254
0.069184
0.087558
0.147527
0.112956
0.031945
0.039241
0.093191
0.108838
0.030009
0.020332
0.055912
0.039579
0.120859
0.019528
0.024204
0.083838
0.063620
0.071225
0.071054
0.030296
0.118285
0.090293
0.105206
0.053090
0.056988
0.055770
0.026493
0.035328
0.059684
0.072720
0.057998
0.042088
0.058598
0.141196
0.065917
0.033445
0.027187
0.080634
0.071175
0.029071
0.076678
0.087010
0.088238
0.060721
0.024286
0.080666
0.080290
0.082119
0.041076
0.084088
0.057950
0.071728
0.087687
0.029624
0.116828
0.045218
0.031778
0.060141
0.031767
0.066885
0.038340
0.033581
0.051819
0.049074
0.051582
0.092246
0.099655
0.039794
0.058746
0.095505
0.035957
0.117758
0.141849
0.051397
0.016934
0.062091
0.058301
0.047154
0.061191
0.052121
0.056152
0.108734
0.064175
0.101254
0.053468
0.058533
0.052007
0.073361
0.078883
0.122664
0.019944
0.081636
0.048158
0.034977
0.024009
0.057951
0.111106
0.056216
0.036938
0.053078
0.116544
0.051628
0.044817
0.056641
0.145555
0.094680
0.060332
0.044754
0.031545
0.060571
0.087743
0.017280
0.080157
0.150109
0.020284
0.044709
0.059284
0.054847
0.049329
0.040580
0.077806
0.018159
0.030666
0.086198
0.087197
0.027881
0.020440
0.010638
0.045051
0.023911
0.049415
0.071984
0.088925
0.115521
0.081073
0.032026
0.045097
0.125897
0.019906
0.119411
0.137835
0.116498
0.096076
0.036538
0.070655
0.022635
0.049702
0.111859
0.106780
0.054912
0.084822
0.050396
0.048267
0.033077
0.072105
0.137897
0.027714
0.175958
0.119379
0.052768
0.025374
0.081910
0.034043
0.114315
0.025643
0.062733
0.041071
0.068418
0.084977
0.120784
0.063570
0.033024
0.028518
0.033438
0.057080
0.052914
0.042685
0.070258
0.043137
0.081314
0.053583
0.049619
0.180250
0.088131
0.055114
0.014529
0.032282
0.054200
0.099861
0.033255
0.137424
0.109261
0.045986
0.234218
0.074784
0.029700
0.056095
0.178202
0.083857
0.022772
0.102876
0.047428
0.029104
0.056080
0.113219
0.012858
0.022886
0.089222
0.053490
0.077856
0.018377
0.021732
0.102279
0.057831
0.023117
0.038820
0.124059
0.020973
0.048205
0.023068
0.082420
0.051647
0.039167
0.027076
0.047216
0.051131
0.048190
0.074542
0.017381
0.012821
0.083513
0.098455
0.050709
0.064088
0.069076
0.032834
0.067215
0.029293
0.115206
0.023059
0.042764
0.029905
0.039620
0.038841
0.035384
0.038727
0.038381
0.072534
0.074688
0.070766
0.069103
0.037807
0.032159
0.074838
0.029243
0.076558
0.117119
0.027928
0.019083
0.263867
0.123411
0.095490
0.035642
0.063149
0.082285
0.047212
0.080271
0.023793
0.083630
0.077988
0.036086
0.043340
0.061746
0.061082
0.049981
0.077512
0.092738
0.029149
0.025640
0.060638
0.024412
0.036327
0.019043
0.047269
0.105072
0.054881
0.032174
0.110592
0.063370
0.019412
0.074921
0.074658
0.139402
0.032601
0.012905
0.048686
0.036447
0.041058
0.047638
0.073974
0.024335
0.051103
0.140944
0.051391
0.026260
0.123293
0.015032
0.062252
0.077862
0.075393
0.068093
0.091561
0.043987
0.133731
0.068057
0.049720
0.032225
0.127513
0.017983
0.098504
0.087354
0.131497
0.042728
0.201711
0.083586
0.081833
0.034806
0.022174
0.012108
0.060648
0.047214
0.108380
0.072175
0.021381
0.044134
0.028927
0.018622
0.127596
0.349102
0.074810
0.027715
0.055401
0.069869
0.102246
0.043571
0.091177
0.056265
0.024672
0.126240
0.037961
0.061951
0.010598
0.044725
0.081045
0.079591
0.095131
0.024924
0.076192
0.040543
0.011693
0.024653
0.050266
0.076057
0.088750
0.125491
0.032516
0.028377
0.023714
0.039504
0.060159
0.067133
0.047853
0.049601
0.037671
0.106059
0.062002
0.049756
0.058950
0.076852
0.100157
0.042100
0.024560
0.021896
0.060833
0.062601
0.055747
0.080620
0.045088
0.116666
0.079517
0.051994
0.058972
0.105429
0.065262
0.052585
0.061093
0.036426
0.045697
0.034223
0.055546
0.056309
0.087374
0.117134
0.058817
0.091628
0.022211
0.033460
0.095097
0.080712
0.062481
0.057055
0.028156
0.080381
0.056446
0.018529
0.089925
0.021790
0.069278
0.107123
0.111822
0.035031
0.085546
0.034630
0.056733
0.016809
0.073469
0.067256
0.049662
0.060255
0.095756
0.021110
0.062117
0.094601
0.087021
0.105787
0.036885
0.051308
0.106669
0.137544
0.066136
0.028990
0.068091
0.057566
0.028944
0.116791
0.043525
0.038437
0.073850
0.067752
0.077407
0.052050
0.135744
0.040394
0.067722
0.044715
0.077955
0.085856
0.085754
0.045370
0.029570
0.075624
0.112498
0.045625
0.042367
0.136177
0.041086
0.114187
0.044204
0.018071
0.137668
0.034384
0.104519
0.025506
0.154845
0.069252
0.054096
0.118545
0.021748
0.057760
0.040308
0.074739
0.085632
0.019520
0.113262
0.080759
0.059119
0.101263
0.095439
0.032627
0.060407
0.118914
0.063389
0.097556
0.070120
0.023006
0.082171
0.064480
0.064542
0.014139
0.110407
0.087970
0.058187
0.051192
0.074322
0.099971
0.063123
0.102688
0.085940
0.022540
0.031437
0.045915
0.064529
0.069774
0.046392
0.048647
0.112054
0.055828
0.052955
0.059971
0.050725
0.044385
0.053007
0.028876
0.061961
0.100187
0.049689
0.025941
0.037360
0.152151
0.075046
0.042404
0.040438
