0.130103
0.202830
0.199157
0.111901
0.105630
0.107272
0.218685
0.123432
0.132497
0.115156
0.176141
0.097493
0.151027
0.216386
0.108582
0.311712
0.147184
0.142638
0.303088
0.242160
0.139557
0.200186
0.120637
0.120729
0.184753
0.120417
0.117586
0.233869
0.135570
0.126916
0.111688
0.254255
0.130636
0.127722
0.120761
0.114172
0.198742
0.384573
0.220281
0.088629
0.150856
0.207603
0.298311
0.088561
0.127559
0.146474
0.118363
0.207122
0.109291
0.324496
0.162303
0.174921
0.179361
0.129080
0.130250
0.264671
0.190801
0.165327
0.093572
0.284587
0.104771
0.173795
0.123812
0.144957
0.103930
0.141919
0.173027
0.155403
0.102743
0.287523
0.237187
0.143675
0.285971
0.276722
0.228840
0.130159
0.318861
0.265614
0.090200
0.129980
0.218330
0.254227
0.260600
0.330522
0.165944
0.101665
0.171656
0.210269
0.221597
0.173464
0.271611
0.323933
0.091281
0.104809
0.107844
0.124396
0.157246
0.095570
0.260785
0.151367
0.224319
0.156685
0.165566
0.185990
0.104384
0.207593
0.159169
0.179926
0.109635
0.181244
0.203076
0.213440
0.168383
0.201301
0.208959
0.107383
0.249311
0.098331
0.348125
0.334103
0.254665
0.140827
0.115134
0.121161
0.099194
0.227764
0.089654
0.108180
0.111262
0.219024
0.114353
0.230327
0.141610
0.093713
0.117369
0.196805
0.111224
0.198760
0.281022
0.189564
0.181442
0.130056
0.273761
0.123233
0.163247
0.271435
0.222898
0.204144
0.145306
0.154148
0.183348
0.145285
0.114721
0.240050
0.134533
0.175745
0.164757
0.230833
0.095979
0.217753
0.237972
0.311292
0.271053
0.088803
0.108675
0.089307
0.227004
0.155906
0.223245
0.139896
0.266044
0.166003
0.220196
0.178896
0.162315
0.146370
0.323129
0.122235
0.103925
0.109266
0.259092
0.187036
0.275254
0.298518
0.319880
0.224164
0.135923
0.158783
0.351773
0.300474
0.118408
0.171755
0.090978
0.194569
0.190712
0.218643
0.100982
0.163421
0.256837
0.177353
0.317667
0.226086
0.192468
0.092151
0.214223
0.104444
0.306607
0.212547
0.123827
0.164561
0.119871
0.094633
0.193774
0.140814
0.111910
0.189056
0.102532
0.141664
0.117800
0.291017
0.101460
0.199841
0.137472
0.135089
0.198800
0.117336
0.301690
0.130676
0.128714
0.112488
0.122017
0.179325
0.208519
0.101517
0.211477
0.106781
0.106704
0.210643
0.165341
0.098816
0.237729
0.218778
0.142597
0.294766
0.196246
0.206689
0.132229
0.303052
0.124384
0.162439
0.300120
0.297897
0.120000
0.091102
0.280843
0.161014
0.119365
0.169887
0.183668
0.264581
0.117459
0.191626
0.130707
0.135248
0.232153
0.162933
0.170522
0.187714
0.194668
0.178987
0.125280
0.140347
0.266157
0.152617
0.266697
0.095437
0.189756
0.111025
0.128834
0.114076
0.177205
0.174566
0.150243
0.098785
0.135427
0.140631
0.153157
0.164154
0.157411
0.196762
0.146605
0.253099
0.198679
0.139652
0.199289
0.190576
0.177835
0.178224
0.102580
0.211372
0.088358
0.173320
0.296048
0.181976
0.090767
0.095452
0.107770
0.154794
0.098581
0.126735
0.110439
0.164540
0.141527
0.193565
0.100527
0.257731
0.303041
0.116608
0.268575
0.321740
0.286187
0.136777
0.116909
0.113153
0.218148
0.143810
0.157589
0.119937
0.135893
0.241345
0.162317
0.095638
0.220722
0.223752
0.171744
0.162687
0.241988
0.129233
0.180895
0.152922
0.240838
0.097288
0.152721
0.178580
0.117089
0.177968
0.109950
0.111277
0.242444
0.212743
0.107683
0.191868
0.226547
0.092414
0.134979
0.122579
0.145222
0.165626
0.216294
0.163641
0.206978
0.205510
0.197856
0.263641
0.095938
0.107704
0.239764
0.191987
0.163000
0.099378
0.107059
0.158492
0.169408
0.186076
0.126695
0.101850
0.091229
0.169083
0.185772
0.118612
0.113611
0.161152
0.129100
0.183148
0.210132
0.102128
0.106374
0.114602
0.103106
0.141004
0.285757
0.152175
0.137695
0.116539
0.101158
0.100889
0.280394
0.107169
0.243194
0.111102
0.239412
0.108792
0.224354
0.197186
0.109047
0.199625
0.107794
0.095093
0.094892
0.254453
0.175703
0.153511
0.099392
0.156435
0.105999
0.142515
0.218320
0.137298
0.146087
0.229235
0.159331
0.159422
0.301268
0.221737
0.214449
0.136680
0.199791
0.092707
0.091074
0.095844
0.140566
0.197240
0.186428
0.172914
0.164426
0.126466
0.107864
0.152152
0.154347
0.212153
0.125065
0.230324
0.091682
0.312013
0.189563
0.101777
0.208028
0.306408
0.162386
0.124313
0.227549
0.153012
0.224423
0.331463
0.119184
0.213619
0.138662
0.092766
0.170374
0.168055
0.128581
0.337936
0.185300
0.104394
0.113107
0.249573
0.119424
0.128450
0.229211
0.096767
0.205250
0.197803
0.152901
0.295467
0.107096
0.120872
0.200082
0.200045
0.284260
0.144033
0.257707
0.098446
0.374925
0.173811
0.184932
0.139932
0.152826
0.259960
0.100665
0.258537
0.128579
0.104384
0.240934
0.106743
0.124285
0.291045
0.282001
0.113030
0.092736
0.107940
0.136244
0.222249
0.241997
0.243812
0.301165
0.167086
0.202683
0.200168
0.149313
0.117687
0.284113
0.118371
0.126331
0.169461
0.120165
0.132305
0.131010
0.151180
0.116735
0.115578
0.130430
0.133979
0.102310
0.133965
0.165117
0.093008
0.203530
0.251951
0.214884
0.165510
0.225881
0.128579
0.123407
0.164328
0.126146
0.162178
0.236491
0.242793
0.131730
0.103885
0.253885
0.302075
0.121232
0.124901
0.122306
0.244808
0.148719
0.108982
0.171053
0.221553
0.122387
0.209137
0.145340
0.098063
0.127426
0.090091
0.142505
0.199411
0.121538
0.110895
0.197457
0.132926
0.284956
0.188975
0.157586
0.288066
0.306372
0.215569
0.161856
0.208246
0.273966
0.182437
0.187279
0.311853
0.310783
0.153785
0.106522
0.245192
0.106612
0.110397
0.290056
0.216313
0.093976
0.167472
0.182970
0.107838
0.093985
0.167396
0.194840
0.102441
0.162488
0.143213
0.113874
0.134309
0.212550
0.119135
0.270962
0.128676
0.099805
0.133245
0.115173
0.109102
0.157212
0.153113
0.161372
0.195599
0.141201
0.147417
0.175150
0.093971
0.234161
0.218841
0.117923
0.204170
0.113858
0.156580
0.090542
0.124698
0.174259
0.122322
0.254225
0.131142
0.097802
0.124404
0.219814
0.126096
0.311802
0.191508
0.138194
0.176879
0.115550
0.097980
0.252533
0.132335
0.102710
0.206529
0.198714
0.183525
0.180291
0.222656
0.180712
0.093258
0.210947
0.173298
0.227734
0.193138
0.157837
0.119448
0.110452
0.154926
0.246452
0.170606
0.208675
0.107356
0.108464
0.155673
0.201259
0.150933
0.100627
0.102947
0.203083
0.359947
0.155246
0.179408
0.128406
0.096005
0.110902
0.285359
0.117542
0.182516
0.112509
0.167337
0.115732
0.145531
0.144369
0.232989
0.197890
0.291651
0.125737
0.154846
0.123747
0.120495
0.167928
0.220307
0.097664
0.090271
0.127254
0.120795
0.149859
0.139287
0.130374
0.114356
0.159162
0.141893
0.148094
0.221545
0.095321
0.172525
0.102519
0.173110
0.179304
0.097132
0.148265
0.253562
0.227419
0.130224
0.108522
0.249134
0.179560
0.123171
0.108148
0.211067
0.246352
0.093329
0.136316
0.140217
0.108430
0.195433
0.092692
0.170568
0.134931
0.188562
0.171550
0.176031
0.142891
0.187679
0.174718
0.100702
0.120775
0.139018
0.281055
0.284599
0.267270
0.231537
0.108858
0.103276
0.228431
0.148348
0.312168
0.280262
0.292881
0.235985
0.132570
0.202118
0.268091
0.246931
0.239672
0.138528
0.150009
0.227378
0.102801
0.306789
0.152794
0.185912
0.272070
0.215426
0.284819
0.225532
0.164702
0.189738
0.105824
0.114736
0.255704
0.138356
0.258985
0.104452
0.189374
0.156076
0.247308
0.324385
0.189237
0.093394
0.110492
0.221168
0.201554
0.240089
0.167111
0.318615
0.178621
0.097287
0.165388
0.120306
0.277757
0.269599
0.259155
0.095985
0.088526
0.168110
0.281949
0.214518
0.266759
0.209775
0.136401
0.319553
0.221054
0.122975
0.189711
0.264675
0.187895
0.336344
0.167320
0.191869
0.108464
0.191406
0.239305
0.108916
0.197089
0.169553
0.313077
0.119598
0.210342
0.148606
0.231743
0.210737
0.139933
0.118445
0.153321
0.129991
0.207586
0.101744
0.213073
0.219819
0.146561
0.232925
0.191481
0.164246
0.095023
0.185280
0.115817
0.103121
0.128111
0.142337
0.174564
0.161639
0.118399
0.311708
0.127053
0.128475
0.233756
0.314409
0.127388
0.170711
0.172061
0.095080
0.091451
0.105679
0.092710
0.130946
0.109898
0.234348
0.241113
0.116593
0.269551
0.213302
0.222190
0.097398
0.155582
0.272057
0.296348
0.197619
0.143460
0.122411
0.170381
0.099062
0.188848
0.090737
0.189708
0.203448
0.224792
0.124067
0.240534
0.153277
0.247950
0.096382
0.217350
0.294504
0.224112
0.330383
0.279453
0.214821
0.104318
0.209095
0.338088
0.178847
0.195845
0.091009
0.150910
0.181370
0.101849
0.122851
0.166707
0.183410
0.128930
0.151986
0.123581
0.110917
0.114502
0.108324
0.123889
0.141258
0.175093
0.162581
0.238936
0.158947
0.189778
0.194680
0.110534
0.222160
0.175035
0.182649
0.122357
0.200276
0.187354
0.118620
0.135637
0.114634
0.185782
0.406260
0.231836
0.133044
0.121913
0.091281
0.165162
0.091395
0.225515
0.309944
0.170200
0.194285
0.253807
0.331128
0.171189
0.171283
0.455562
0.150784
0.196278
0.275050
0.270178
0.135739
0.126257
0.195467
0.091241
0.157909
0.143374
0.110704
0.152991
0.119216
0.180606
0.197690
0.325704
0.116091
0.263835
0.216267
0.162572
0.128112
0.097584
0.125624
0.248795
0.270461
0.482734
0.226809
0.273858
0.090525
0.098362
0.121341
0.143769
0.275468
0.160877
0.269142
0.316313
0.111668
0.226414
0.178522
0.108135
0.210073
0.176399
0.186167
0.102330
0.125677
0.138620
0.204117
0.117266
0.100397
0.258837
0.153053
0.249789
0.206059
0.154718
0.189460
0.262617
0.181452
0.288062
0.132071
0.252687
0.201169
0.121136
0.177522
0.267776
0.221725
0.157599
0.118879
0.127873
0.151231
0.171748
0.177923
0.122421
0.102525
0.206210
0.181734
0.135145
0.184367
0.296081
0.154154
0.235438
0.152556
0.121911
0.182200
0.107332
0.140335
0.224795
0.151546
0.093914
0.097360
0.153792
0.095351
0.204028
0.259807
0.117734
0.212370
0.091952
0.315599
0.109683
0.194068
0.181286
0.237918
0.247606
0.162972
0.099907
0.114590
0.114750
0.088720
0.126707
0.309656
0.107987
0.188441
0.288531
0.109806
0.126688
0.088343
0.233115
0.117788
0.179868
0.104314
0.247787
0.122684
0.166457
0.107808
0.289329
0.130069
0.272826
0.196300
0.250549
0.102363
0.180683
0.171748
0.371285
0.116315
0.154433
0.118298
0.198043
0.158502
0.154929
0.159905
0.150895
0.240476
0.141854
0.282660
0.172594
0.098926
0.105213
0.090916
0.120280
0.315595
0.095422
0.128308
0.104695
0.148017
0.090461
0.185440
0.136236
0.166912
0.246843
0.121241
0.231020
0.128103
0.217938
0.144611
0.300843
0.094207
0.310366
0.175539
0.183652
0.099675
0.155952
0.125668
0.104106
0.204939
0.088391
0.121469
0.097697
0.112810
0.213034
0.290378
0.141652
0.169381
0.135289
0.125439
0.163481
0.241230
0.173542
0.095389
0.124310
0.260204
0.232390
0.088426
0.183846
0.227848
0.133036
0.283296
0.230226
0.348785
0.152852
0.104097
0.191791
0.204092
0.093583
0.321161
0.131643
0.097038
0.123788
0.205394
0.107635
0.155386
0.299447
0.327714
0.121753
0.271439
0.281063
0.096338
0.266329
0.143571
0.123440
0.115227
0.094921
0.219121
0.245411
0.148941
0.106229
0.142553
0.268046
0.109305
0.125093
0.193093
0.147348
0.128165
0.163814
0.288897
0.297556
0.179444
0.091872
0.092648
0.141682
0.167619
0.160012
0.248959
0.267014
0.127825
0.144170
0.088583
0.117730
0.229993
0.173159
0.255474
0.278066
0.088541
0.128801
0.092363
0.197539
0.139917
0.101012
0.140411
0.306388
0.136893
0.102316
0.169564
0.118925
0.168143
0.155481
0.135720
0.198763
0.211154
0.105912
0.229433
0.101702
0.130484
0.127120
0.136885
0.133582
0.242093
0.139944
0.144774
0.163064
0.135001
0.101541
0.139224
0.252978
0.172293
0.099351
0.093913
0.218200
0.234058
0.264578
0.205197
0.104334
0.140839
0.253800
0.203925
0.180196
0.092272
0.266538
0.140885
0.111688
0.151212
0.300888
0.308491
0.203515
0.207992
0.107595
0.125839
0.196817
0.197567
0.111897
0.121117
0.112581
0.248911
0.284454
0.242901
0.135443
0.420755
0.188636
0.125420
0.283897
0.150753
0.152839
0.273452
0.103188
0.113969
0.089060
0.146130
0.136507
0.258944
0.274919
0.094902
0.127001
0.131539
0.308809
0.323580
0.137070
0.207917
0.234329
0.094815
0.274771
0.254571
0.158186
0.093877
0.101951
0.140956
0.258143
0.134416
0.104496
0.120861
0.187616
0.283058
0.153971
0.105999
0.285533
0.287689
0.095907
0.121440
0.139836
0.170167
0.104291
0.164753
0.137669
0.129855
0.324458
0.299302
0.274075
0.339560
0.182013
0.326153
0.109239
0.182985
0.167118
0.159325
0.236376
0.107759
0.107966
0.194052
0.216760
0.342180
0.159621
0.115297
0.229489
0.135451
0.240985
0.269517
0.119718
0.111434
0.308192
0.130129
0.277132
0.098063
0.094884
0.124157
0.220691
0.132497
0.092848
0.150682
0.221924
0.224530
0.127874
0.109699
0.116882
0.111465
0.290233
0.148754
0.103352
0.212728
0.273633
0.114712
0.220855
0.147254
0.089796
0.125663
0.287353
0.151674
0.150936
0.311467
0.202055
0.099933
0.149439
0.125657
0.225984
0.156245
0.101429
0.136403
0.130248
0.220722
0.157031
0.133031
0.162244
0.110045
0.240895
0.090535
0.095594
0.166246
0.090281
0.106157
0.091075
0.104160
0.123315
0.165763
0.224939
0.222608
0.132066
0.148061
0.120946
0.295747
0.141273
0.237052
0.209937
0.140443
0.166979
0.253962
0.166099
0.092465
0.217024
0.161828
0.092958
0.131814
0.218455
0.089212
0.201265
0.165940
0.095151
0.199415
0.256146
0.266502
0.118505
0.122539
0.187427
0.137224
0.136085
0.134192
0.203001
0.272497
0.247296
0.165179
0.253462
0.322893
0.267129
0.177933
0.135429
0.143984
0.092700
0.098685
0.105662
0.217798
0.318258
0.170346
0.104600
0.094560
0.141266
0.098759
0.208137
0.139989
0.157444
0.104465
0.321715
0.193474
0.096781
0.303848
0.218538
0.270392
0.173824
0.237441
0.292556
0.267918
0.140736
0.186488
0.126890
0.154540
0.257387
0.135895
0.242954
0.113598
0.217306
0.182473
0.301948
0.174821
0.309701
0.150203
